5965 76
1251 145
1786 963
1570 61
1653 264
91 1726
695 934
743 1150
619 405
243 1862
1721 1044
838 1125
125 987
1203 910
1627 393
1553 859
1010 918
1188 1798
977 1835
1446 675
158 481
1808 1417
1144 276
788 1834
697 920
778 1010
618 1229
1359 652
58 597
452 208
1457 1120
1081 675
636 1180
914 538
154 1123
617 1373
586 1116
1 941
152 86
1172 1203
1673 303
962 326
1305 469
1275 519
703 967
559 28
383 1707
428 969
352 1444
443 849
1394 911
1270 469
1687 436
110 1339
152 761
1280 1440
7 1221
1133 688
425 1586
1297 270
114 1663
1489 251
129 1205
1508 1321
1148 1050
308 1346
1656 1825
834 776
187 774
1043 983
1007 108
806 714
1536 1547
1066 1161
1375 1634
1233 1210
447 1409
