1 250
317585868 598152434
843773388 209824234
92263069 613343638
590616991 779389536
116195475 274286318
290397390 898992827
50266020 818254190
627104042 754661662
336582604 62711465
95657793 175801878
452170674 298288603
966795197 10639394
791949036 803586958
201721863 62682611
772808232 475871864
977737722 885682690
975805539 647398553
532077242 170531992
489310731 13711558
681487665 382402839
580845513 88564545
210809418 913028739
811764933 760707831
926679234 267311624
289117013 316852696
399403733 612663813
828092555 422837695
454074053 618613661
979399780 167976333
175396816 657029030
742666933 237518313
539177486 15486609
383337719 486045931
425671118 271702370
209254213 988033858
622641687 397359969
263123823 972629027
131672954 81847235
985708273 209102802
54650397 958924048
252008965 125755199
457157098 767815321
152001610 323636348
117524229 97932061
877959045 322770937
394301307 590272121
44954917 674884457
419641706 713203815
413830640 724780186
10875090 407018901
63708012 78407289
300392574 188141033
502880472 503430018
780023682 616568152
127213669 374170527
6576546 484368411
6309637 85075629
110792457 48635814
810407197 154116343
687208090 557475025
45178728 775483864
13351520 388766263
56515200 285671302
634072286 313368323
957372056 811493552
152317445 505817374
411380441 340099046
970561681 630489019
767658631 697472629
211014820 60265060
416371338 983933253
293134595 444438392
637574514 452269680
961601410 616491667
785015483 371221649
869997456 855654369
690313051 720824737
137951506 325741332
711023270 104773642
489597941 951132110
907274755 899594027
969147688 692880633
555970497 118492055
182355946 183490807
395943721 530282588
778237017 215014635
600663812 71568805
679689921 491160304
326544272 220114104
156917798 214398856
542769488 159374142
404243344 965314902
252796776 616124560
325627328 569313894
844984567 313861746
55819920 80210504
124777011 851766769
38449182 568118968
720309369 694544380
976769417 561604022
113369034 910611195
474709966 434549341
196503376 238065516
628207661 588166068
73533518 968704090
995678993 327673368
909733114 172023949
702876019 453590887
274690490 412316167
822396022 618335605
207378918 59321853
202532730 977801883
243474950 901661721
712801134 70098654
251539698 317276322
75827228 128226452
944131944 553559551
599026600 451237272
271850198 851111030
224547985 710364017
60565657 644030569
670596196 259569253
417073057 715052306
501128008 900626711
370979842 795365347
890461626 797450478
673981155 450601149
802649920 600588258
343210785 93791318
894013630 446757200
708106672 549207269
226408552 767319451
426803525 433429583
285989049 198082044
153376874 498955650
704482010 624386170
527221078 285114282
319015539 944629317
978804157 65973503
196555011 602048087
592162735 908214610
52978545 731721991
40614937 971549975
750274093 583206166
337135611 128293026
346578640 345644747
297181622 900239537
758938050 321083044
777501892 675774061
298279408 903122570
336615056 571863851
642357379 833613908
136161747 436912214
930035394 39883557
738333464 612208748
178824269 304959396
664515259 265797665
446926744 308810677
778780553 838775348
852244296 987842651
355541704 4569609
245209768 194623339
372832883 319422925
950270732 543927051
997996768 961305222
731252604 514857562
696458202 496985795
645852336 222804669
858697073 774874304
364945699 118470838
259738162 123358704
920325677 66921186
514169622 789089521
901130485 266767373
705550290 207995546
52345086 903108579
946179283 50636726
182701412 203564043
67092429 280651919
456176068 261037528
163749038 243050232
219476818 704322471
893547588 870986933
827059321 194067626
424307929 226305081
393401365 772488945
521487389 452519119
559359653 702145776
588579707 864912916
810297186 867731605
637901504 475621148
550506167 776882250
9386609 116291833
553679578 423576306
329319967 204510736
635945182 243249883
572472949 434198095
399781996 340253812
178340620 568275339
422523682 100549194
685510930 937902202
108352106 579917681
285921157 533513466
421310131 676542235
575536181 257022784
778967715 321174025
473196712 838579450
272913254 288064048
313096516 133400933
739620961 832018519
155587529 562607937
236865230 499294219
258645466 292002665
848227847 552481424
625343311 103064850
95201165 346049394
837283823 512501056
865477469 37155821
795090630 720451802
447598566 88326399
404406664 502319813
253792907 996985372
53472375 717963580
40789912 824904429
103062224 409748184
42458922 468864775
336808760 303101094
196268708 577362222
368291601 115156193
105964724 6256823
546622565 361378990
569349800 224504238
542185762 425344452
181720864 190619090
191610553 51948752
534692637 617373403
790182242 600991460
389523850 784784805
731323219 257439235
234971316 806155723
69024617 781813104
260896043 497739796
180607013 67704063
849093742 459529284
288124852 100081685
194042389 414881869
146483623 317866695
687470459 886645305
463987744 755846388
303635516 140829418
