1000 250
489909807 579157286
426974190 974851864
351232834 414620104
391171962 367547122
311733897 568131259
671852560 798180643
450291034 329717374
564801347 64208901
522900708 569058854
747496171 165286265
364729854 440961125
42573807 338449743
752445471 558080018
195329229 256606629
388417588 393246739
989807018 643014609
981480487 719604092
863847630 121597426
501675751 303445632
218278208 128963269
110378141 499394015
842657196 528438811
233464695 147331547
871920128 719597476
962416274 782118781
991535137 255308496
805949478 832703284
406350193 600016484
190929727 304242881
796204344 757701518
435493659 770633230
481763849 208201144
583695984 605261294
209878690 308960026
603138162 379269708
783962519 393481486
654775982 377483699
808229419 918902722
311303445 95522264
500007558 5109072
287995643 458563150
780635229 472184881
977348826 940823234
253292179 748541658
35204997 509990719
676104326 117325346
692741877 392281290
515496662 448176092
487306949 742497042
329311176 157528098
741629143 769675955
436156438 691433025
371104572 861911143
72812646 683251416
482432194 142806044
25251536 331448062
238149940 178343876
895388066 89254811
496868952 47008460
731363430 289355174
523466336 646807152
219310272 834280274
944136791 97682203
415187635 798635601
965943520 307071162
882782879 337313619
328339006 965630865
731674107 320748854
123436429 209733884
816863952 176475964
728213403 942866667
294717401 832498728
975454048 302512708
589841131 595458318
636574177 568282106
856910454 6063493
236259339 857566847
277026534 173615070
294277753 153669174
364834604 545197147
249461572 620927624
299233550 652481905
143342410 371732159
353251981 781778568
271899504 603653209
407544875 849739344
530678945 166002598
436243206 51051390
237957118 692949588
524362209 271095027
364978016 455932142
979231366 705180829
683459867 574646252
724675542 71691019
582187760 383940231
837083634 360226044
329839000 746916045
434469874 96041488
43864971 932165403
658984466 849123644
788369762 286863827
289707853 567306733
371462088 341170196
966125125 640025086
399379042 313730102
267341699 343960862
698947944 255685418
880230612 984694946
939286910 263383197
49260257 506480692
353098407 477409255
629556014 715621492
363031587 109610407
235757821 413774394
232879691 267766834
778350649 34831117
839153860 978972005
369159551 550930746
265953086 928670850
423099972 666335650
418940050 852671647
861832590 272740396
252095027 116336630
180257825 217849883
476141802 792196479
850356419 639449794
886597695 297226221
433581786 657232770
359022461 746537940
567847448 411133491
388075745 130425154
456866955 222277839
990328684 418507735
665653520 331788749
765046235 307685731
225767845 387382361
154628650 872048108
994127246 177070609
868382149 471210621
810072508 413905321
507612697 316702233
150715956 914406929
10525466 634305781
452814439 798339357
294444050 507419522
590740204 719148440
488157069 153495647
345267604 344692402
390367154 704191814
346486412 520910967
911690513 469233989
973088661 57941220
319160069 551677238
460714706 584941899
4787886 473594654
792497388 28650498
642623661 35841593
637464661 683427541
488927487 293343075
787644107 507260760
256805427 4112476
763328327 673447481
168315266 573326657
819844208 989093166
557602356 239674336
441014451 313293203
371765402 634649203
649451802 150494159
267713240 479908820
442991246 788766960
80485880 839441640
533293139 425130133
312634797 743475962
431458050 990454023
688025718 84922954
785577392 667356508
542963285 986381006
841194113 743469902
763325698 699035881
446807670 51562112
152889213 95505391
221635920 101232037
132597074 663370461
960664695 945655295
154666659 883025765
934769482 77138447
976021385 574580887
562540071 306066917
658976652 880134876
298862912 108231372
80088450 759226344
649118627 89673387
942585315 671618951
317831825 724353316
512213183 244223992
949341266 479460899
753560949 553731539
155195638 776300232
643037552 465030895
958196302 32590342
607242187 447224244
718238109 531684959
101817416 455199745
702671222 937722730
709844880 157616691
314336542 320361618
529074463 659887767
905797919 984243955
801207360 180635486
434267627 126484636
200412922 590713379
610952212 780693170
388552898 115758669
181458911 377136137
613999311 986120195
517621961 52771994
313738972 648778996
302469132 153245999
516217068 234550956
761156773 486092803
215928263 499641300
62396508 486967606
969948857 773795659
961549307 443403399
29806384 857347188
304317302 865106653
907101787 644891700
235367366 314705094
58178599 364944894
427290487 593124653
356438740 287318637
611867301 192279638
502735553 478886328
748082191 177322769
373299470 791052973
598199148 244352547
385504372 620851512
114870688 879890581
31436200 821202325
459084113 737245798
679363435 496746981
293743845 904236856
260989207 531253680
74068544 323003100
261751552 955799555
706568258 154353685
813728147 401140240
953757709 940980647
818093668 783518217
563930621 714958938
