1000000 250
941215258 343282149
682958157 715880819
517644744 497183549
859346949 977273175
940346170 218118245
91625396 464321762
648792552 562719601
721515059 964378174
422796415 202406046
353671885 383976556
636972702 45133308
145678370 401457239
475059265 752421732
674466339 50424707
864771350 201421461
394295145 544045606
403755056 656070164
642884353 195778573
314238036 713967567
997363384 218268958
788796375 504086165
758685036 113048639
520654595 574417927
66739262 692062452
261146626 520093016
10632288 192803441
427099182 366107500
582216091 851795323
794401706 672904249
186299762 496470250
820224462 777158432
139738866 465742426
797781965 596136318
382627637 564041235
702045530 846253194
386570254 890718263
635592302 534973643
84849861 592984318
533504914 361708187
902663994 721147140
818395371 330019724
676376585 56456396
487674068 8098901
897019509 187937394
323982099 175766766
102257603 254206970
449073319 90459012
242273055 365714334
361000844 303184324
723495178 319935282
861758228 115652521
701902872 997226487
393037544 466385357
455123210 270559769
610205339 293582930
326550429 570594994
449221360 685618800
455276781 340899239
76883269 923696937
665155487 712008654
596899231 583857091
944686121 177138092
947711339 293237722
828151741 520971877
960386397 211678607
722423265 922722052
599443247 517188174
551258812 404619539
902694234 88590472
274168307 85198351
553516239 642803388
445982539 86892907
733927557 908903963
404744326 631911632
222761871 558283588
284612414 458110488
840129489 847954603
563130016 850157828
426669882 272702102
225263841 157780994
73741784 79262579
392948563 490395934
255115022 526818376
724469330 979555557
615578393 240420701
168451592 823375136
622745186 559441508
28101510 698247241
183159645 671475724
465702421 804558963
3427081 824439446
877076027 992469039
626386273 873224695
898632941 237608822
388758375 404600050
188155960 24574848
286811285 305515813
952892150 51532655
916272167 510352384
556980025 572736671
656967881 747050263
840477257 573886231
785574287 948894637
755281273 805852787
214443672 304734520
75290683 533295673
641585269 261494068
487710531 648218407
11179103 53620783
198853499 778465345
42360770 436837617
996379177 285711365
690249690 972539459
577898886 240340686
227382943 203971513
733122139 191502674
771884910 956853986
389019190 381597162
702392674 210134243
457378836 504282543
898229008 540628479
356521023 940196276
218931113 86483188
373200388 650886714
588860330 468193963
546609546 569683600
737159554 649823589
726893904 983072640
859166165 273888239
621806118 58878223
676396677 836832153
921813611 652643765
420966760 794772081
473271316 549616676
89914546 476937524
208632266 783239569
372299147 589619498
9821445 503163708
351309994 492420752
539342536 974643611
528799511 828930076
492206050 141637626
642239677 36700798
262929186 100496116
658273094 375799330
906816103 380199433
221798548 764231829
696544856 140606759
90657948 503745652
613492147 519808798
622264013 102689990
925883026 929277656
404402460 211947613
717783187 84707185
698048049 142640129
973145300 331882622
813576450 667228770
789335328 678587245
264109562 956474525
567688257 538610545
740076216 455151474
609669850 450679057
30512906 911130931
891465208 195418248
545812674 620722794
148170663 853178805
117349626 297627475
81231295 683262924
171917167 101607828
219461453 608803657
942909085 80063576
755736643 628759724
516580248 455596263
279506599 279109210
395691219 747945017
402585707 230842782
92168457 313990792
858556575 67987970
526698285 548069234
684106108 19867815
754679570 427947295
110537752 45261648
579542745 644249326
109836322 745773418
122736746 398312369
679112306 633318986
254106192 73529324
863478242 530362872
711839973 288636328
204419439 266138691
385698757 389862722
662888541 72961518
814348666 355918853
189941420 61949047
327505033 877786958
744718125 354822020
633123745 666222392
866988736 267629005
1151396 153956410
725734413 482577791
228989061 971961937
468563994 931302828
638039315 320944509
211606805 120876307
567087958 5999892
591944635 862043552
376252437 844059900
987530124 728653581
507248678 43845526
849345827 621091997
336700413 405843523
226770925 726887150
933132105 634099378
687944030 164565776
663117336 567599178
648758610 482881306
172497288 533479640
130821483 995738017
615486772 114981903
279312641 443770237
843852800 582476981
18907595 371620991
628669407 875473941
622876726 581028709
976733691 895197262
124607819 819647655
949556466 225253412
693212846 116567920
845255758 243046851
716626141 579203082
978161907 283056776
569186511 362361439
434152187 986387474
67619641 785693646
71191970 881688995
686312814 763187251
676481393 363089422
728583277 53283669
842706378 577019230
678066408 175994656
88066269 331455429
133471430 800670121
977912867 334895540
589692899 253808759
578709181 321600625
137964287 870566007
120085282 497494922
883487963 31536685
407501376 185634906
770697359 626989679
