100000000000 250
101624314 159623553
153687593 122892370
233790285 234784657
426866037 277531011
387784199 201308854
748358468 3428305
201922674 774144670
481611426 971908533
367035225 423292377
259088766 211506135
318942549 175802255
917757628 328812367
204268050 861194486
621660803 662766622
204474757 259323224
291621893 416448512
519696908 63785767
647181610 571479775
255341584 629868108
205631689 949698095
622283735 285621225
234823822 4397831
408806323 910164688
185370543 528428372
709488724 460130784
473244388 11462346
7712426 54149105
828590625 433309743
555589271 277873032
507423057 326263856
828512742 657414538
196188518 2580252
487853572 875772092
865778832 263157357
925499687 70525549
493281898 788945829
798313140 844272913
81405417 119316586
488538805 526084337
569696527 518739234
445454090 236747672
305588670 419616155
670522890 584444376
743105218 830976467
17324585 917155083
966155418 775997792
25207354 792412310
509875928 41456468
687730592 994737126
57966503 525294168
215337943 732368143
910053622 318427606
511168810 412511512
343359277 518848386
612170140 225404537
954579569 515716198
706116069 847519745
365727564 397254541
997458010 916523009
483908698 976971481
393644512 83641666
139384816 686812303
416414837 171802163
606652177 700580701
91837553 251203513
699479022 82532476
841562115 594936995
211618130 947987687
33112848 750360299
37986446 137594540
13959163 272101593
771390036 891122162
719998792 371806221
492025021 297445992
728661980 330531639
726496725 802112077
585579299 129013815
398545387 380503224
70149215 998614787
181432849 955712559
686369360 86083062
992973567 435298232
807748675 582565866
645980085 766309971
397248236 78632749
674937260 261941613
82430097 369674154
990231443 162670607
421896841 675166703
368791906 493350588
514130864 653196712
620417275 479574208
603818589 370658780
744589906 834694463
484539982 786503086
478460188 290370271
592236865 959534358
292900729 720128652
397236087 148875059
30171725 114321966
283126385 979136420
601533269 542065155
226480009 153978538
942026668 380765405
775916194 563153626
20150726 109681144
96457781 675103428
348730626 799788294
467213979 907569937
437975059 906626416
425965999 677768852
882544930 701696095
139006885 198573658
774536461 597427943
83802180 429840426
440281000 281229483
207343537 485884293
838093951 858236311
741078199 802555000
943959690 511304667
275333514 933039797
562704981 196348063
352338720 957851499
232911395 177484670
444598580 550334210
332633059 784992308
294955424 329084471
814172446 945298659
326605262 545778019
534355002 482012047
52109603 22053858
592540469 883346067
344702263 195046353
785702361 687690662
994895754 763238029
929907161 680523265
14929962 301151969
706412298 300144897
19646872 811101251
274689174 885810720
246706706 826925700
982705668 13980128
330548699 648051200
262258872 869157864
762310451 522569853
245066995 102184848
110718755 762759823
347885256 191753116
694683514 118085838
536942344 46880212
974326940 514193291
944061204 636276433
348389174 355748878
193080184 726299656
187727141 539302386
694203410 792362294
775340591 870794566
325614018 411508417
389892201 523999604
565879028 190666171
630431806 731903119
118328617 934582243
928394757 862940253
989955501 765966780
974678193 645931671
790056881 303307027
957167048 96068512
352532272 746264921
447378107 899461873
361399905 387193693
692047711 995954186
213858250 109389319
399654248 643964384
992457995 437069382
565734497 731530588
976997856 987714697
86710786 274288490
953351455 953565721
67218471 107889463
599618026 375003492
73361628 121499675
801259243 927445791
888510701 333739756
582406372 759094230
289259702 966911560
32327139 749413740
701581311 317863125
302972779 230559295
625541788 600373538
638650767 537380976
173472250 277912286
587951460 131253283
78899050 894626783
495286653 995931230
683552014 877431491
329553660 983837657
352222963 82969480
771793255 407306695
410053657 777578250
18760127 187012095
535821118 941586632
882944552 405673806
909966291 448440787
307526074 774256514
276641865 245467801
268436342 133314376
799937609 991493561
570016828 555174258
361699014 331168139
648286187 590079969
286697892 355041868
743616802 936327103
419375041 688597484
781039793 980730433
250970277 158185243
896626220 377088595
212073088 229718517
827789984 987716631
679501367 67742768
887915680 420816187
36713249 551741185
856640518 148335791
373279603 284871329
62969180 117344417
27140689 501768064
695672702 236086943
575316540 283282178
415074864 176936035
863321942 146302075
397625766 768155643
372331233 313027869
76989153 664978722
897555135 458471063
616601824 711306503
720548828 260937077
808238759 869405069
846768392 21870896
927459827 802816507
187107548 62781704
376571954 826132482
66658832 897328420
197909256 473345415
795134055 43570725
223261122 853775496
826874932 508651255
225558115 2691647
274081189 284149131
226501931 454687557
650292626 254792624
708581010 854753569
