128 250
87940 490622755
844625 470949830
1360527 463139767
1542565 460754799
3565033 440398624
4286283 434670747
7546740 413456442
9387580 403566324
9994703 400527341
12551094 388673614
13793262 383368062
15540302 376311676
20451785 358460216
27642495 336053705
36346955 312848044
42249640 298841831
47767414 286726258
57899279 266447108
61505365 259745020
69317687 246006405
104322526 194321513
105038465 193397021
108264504 189285820
109483826 187754714
109491560 187745041
112864338 183573105
118008471 177381847
120607696 174329185
127696860 166248037
130583362 163055867
130813678 162803528
131630055 161911870
147157377 145737266
172890278 121847610
173192612 121586295
175214316 119849687
187932624 109341641
202585572 98073814
203052077 97729032
212914509 90632290
213380171 90306121
232923064 77306363
242041163 71680915
252878069 65338348
262262358 60135459
282279191 49891513
286415716 47913997
292866357 44922364
293079275 44825512
307099019 38709189
329029051 30139451
336858385 27363973
337208117 27243399
350008976 23027576
382553314 13989428
383437450 13776623
387353561 12854457
387636990 12789004
409822323 8199240
415202345 7243104
418872095 6625636
420476530 6364488
421733246 6163675
422168047 6094961
426725103 5398352
435001698 4242780
435396338 4191199
455560715 1978765
474355287 658084
483329472 277983
574401520 5566572
583613586 7040804
599635325 10027753
605516207 11260468
610529639 12369813
611878985 12677629
656660493 25176359
675821071 31932749
705548996 44204420
749207842 66530910
787437391 90879301
798813855 99113133
845824414 138883018
848717524 141676001
864078387 157294692
895649738 194285616
905569440 207573207
915754222 222243944
924597448 235960218
928377634 242138405
930690392 246020108
933107243 250163823
935403167 254186897
939925128 262374493
942179828 266596916
944027553 270131491
952206664 286671304
956819728 296737274
960291279 304725992
971642188 334007089
976213098 347615340
976412166 348238848
982248245 367952167
988687189 394241638
989674617 398912074
991099007 406075747
993945885 422427694
994639940 426984049
996143078 438015766
998169623 457256272
998828361 465790846
999296434 473484526
999807943 486142880
999952229 493088512
999999093 499047708
999818786 513460343
997428769 550642065
997170958 553113440
996502257 559038189
996229590 561287789
994705252 572572123
992447772 586574770
992352377 587115651
991712921 590655407
982854500 629813449
976981779 649961268
975662635 654094313
974733222 656934278
968036229 675903631
961848246 691562515
956890211 703104244
953439023 710696587
951132121 715591765
939079510 739184412
935828645 745057934
929981594 755178032
924475268 764236156
902350934 796839562
901630398 797813739
883753289 820520533
881631393 823044083
868982822 837419140
853501383 853605389
851508578 855586444
846464593 860502822
832789933 873163315
808242435 893683376
796782487 902393035
796469108 902623977
795724652 903171092
782076746 912834965
766176670 923261125
758462076 928015601
758341741 928088244
757395929 928657597
754246118 930533286
752940426 931301681
724667649 946681594
722846610 947592882
717541470 950195189
704624742 956211261
704328792 956343888
699547748 958454682
693454579 961058917
689072967 962872998
688534448 963092605
688162042 963244045
676340151 967871938
644583102 978639453
642667060 979214054
641440487 979577510
632583539 982101239
616961488 986127565
612734751 987125112
602888455 989299464
601228839 989645506
587932840 992207085
583805336 992926633
558426413 996574621
555301984 996932279
552361214 997250744
549703370 997523441
545198726 997952884
544017516 998058689
538683633 998501330
522934193 999473745
519179184 999632023
507258958 999947304
501860774 999996537
497753946 999994955
492718184 999946972
490744162 999914322
487749213 999849895
483686963 999733813
482411188 999690537
480088747 999603384
468959436 999035553
466480696 998875191
465429634 998803458
449294282 997422285
434578362 995701532
421401696 993783663
418526420 993317398
398567003 989603255
358825925 979656002
348956484 976640174
344539925 975218018
344395612 975170784
337224070 972762093
324890929 968334083
319177920 966158101
307735361 961556398
297785010 957284482
288632466 953126655
287279775 952493211
285041181 951434055
277156923 947594641
259131526 938157937
245122865 930160023
222739023 916084547
217522183 912560641
212342270 908965806
211723720 908530031
190312176 892547387
169157325 874890816
117023161 821447881
116482620 820802773
115757406 819933789
113398899 817079783
99760951 799681003
91349514 788105502
80612397 772238936
76186853 765296846
71661133 757925987
51519340 721054512
45866800 709196169
39560115 694923350
30149443 670998405
19334207 637696751
19292966 637552711
17783543 632163871
9629119 597654491
8082076 589536341
6821540 582310428
6496587 580339166
2442693 549363208
2378212 548708896
2313366 548041806
1028357 532051524
279596 516718794
