1000000000000 250
74316 491379590
2172584 453439667
3563944 440407695
4252955 434924140
5885704 423507761
11258282 394493917
22610880 351340562
23248466 349308344
27064687 337728036
29093863 331930340
32426158 322870944
37313956 310469989
39123895 306110299
40360287 303197219
51224833 279543995
72623274 240482881
83639311 223153875
87113689 217998414
96914363 204158878
97555621 203287137
103960461 194790753
123916782 170513408
126306252 167805804
143630374 149285458
174066655 120833209
195080685 103737193
197900940 101582934
212068180 91227120
219059329 86391079
221205624 84941334
231995648 77893771
239874930 72993035
240857967 72395735
243351481 70894490
254122501 64633193
255403282 63912341
269604293 56245767
270575085 55743082
283236176 49429866
288142653 47102147
294584226 44144364
311401948 36933293
312675967 36416451
329996562 29788524
376936837 15381120
405099475 9088714
412777051 7666619
420749987 6320513
430383850 4870126
433666690 4419641
445439513 2985761
463196941 1356304
466177036 1145304
480170935 393346
488868081 123934
497904704 4390
501649574 2721
513387649 179261
518544041 343999
524985387 624659
539879066 1592877
542967784 1849651
546184298 2137558
548981783 2404999
560187576 3635763
601632186 10438054
606307555 11431986
609278579 12087925
637015734 19139637
638897454 19679797
645136103 21527940
664122460 27703675
665545492 28200582
677458840 32551222
695801001 39932648
702547334 42862627
720590469 51290912
748142142 65919964
750585338 67325771
751616796 67924789
771347984 80035392
780275566 85940092
783012071 87805667
827999247 122618901
852075072 144974447
853353265 146246597
859579871 152577611
861903342 154998592
869144590 162757844
892597213 190375343
896968328 195999759
901854440 202488640
905446683 207403030
917142906 224333906
931825757 247955330
935919139 255103074
940044731 262596052
943712809 269524528
946289514 274554510
965104637 316485214
966311674 319574329
966424949 319867363
977714448 352389345
982587059 369195832
983641725 373150950
990942423 405260688
991048157 405810259
991902594 410379482
999172421 471244240
999229259 472248494
999999525 500688600
999992413 502754398
999912538 509351686
999420180 524072449
996410682 559803297
993789322 578562746
993001331 583364784
989395089 602432642
986574302 615088870
985935858 617755432
984200379 624699609
983981293 625547231
981831741 633559624
980237919 639181682
978017548 646626136
975916337 653308967
973627954 660239073
970313689 669720456
968281287 675250209
952837549 711986211
948546091 720921714
947117948 723797988
945975006 726067011
942699493 732415916
939492780 738424193
935425091 745774265
923120319 766400440
921578034 768834448
921329665 769223536
917188478 775597121
910947134 784820035
902347138 796844707
899237536 801013935
896218877 804976394
891855350 810563011
891797919 810635461
891370314 811174029
871091283 835098879
829426591 876135774
828531055 876918221
828341939 877082976
822135537 882398608
794268291 904235293
791388046 906316386
789302013 907804297
778256489 915419458
769115013 921398990
767541881 922399504
716933901 950488271
715881503 950993543
710978190 953308066
709288552 954090631
708581308 954415930
705520416 955808466
691232110 961985151
658728517 974136328
655103104 975334647
646375042 978094495
631342556 982440807
610418311 987655407
609580191 987844423
606986358 988419818
600156331 989866011
591907200 991480484
590720769 991700866
565169069 995734800
540831884 998329968
531699083 998994156
508877162 999921189
503775670 999985744
499695573 999999907
494766123 999972605
472734545 999256041
465750443 998825588
465380600 998800057
452521581 997740695
446803185 997162044
440003883 996387415
411761386 992152361
409825286 991801302
404235645 990743505
398652146 989620886
385857222 986797110
372107567 983366864
361436307 980416593
356961201 979103227
355586526 978690660
347818341 976278010
345462587 975518862
343937712 975020591
339944916 973690162
332322895 971046057
319674119 966350272
317670723 965570655
289553608 953555196
285320164 951566792
250804397 933476125
239331408 926675386
218354683 913129417
199975874 899981905
188939626 891460654
168096016 873951528
166755211 872757174
151764257 858792234
138548396 845474656
122281102 827610187
118330161 822998659
116823362 821209688
114927468 818934390
111138122 814303102
111094155 814248697
105674101 807420047
91407681 788187989
90030921 786226055
76256889 765408697
65887134 748084702
50395230 718759117
48688769 715216572
48403605 714617558
38375832 692101869
35741299 685644443
25904916 658851666
19933123 639770506
19161170 637091284
18482311 634687474
15401314 623142655
13993979 617465518
13847996 616859870
12995891 613256338
11623563 607184217
9877659 598894342
9465889 596831228
7327103 585284331
6968943 583188807
6010732 577295558
5593904 574582928
716727 526762178
41850 506469074
31082 505575109
3876 501968964
