1000000000000000 250
1999 498585909
86254 490713066
364512 480911278
717767 473218431
2917554 446064464
28615316 333277234
31196560 326151400
37660724 309625645
40743604 302304367
52693714 276578679
57149865 267871245
64676503 254045831
64986137 253498601
73177329 239572643
73185710 239558907
76400179 234362667
86933349 218262636
89293201 214833512
103779133 195026189
113512469 182781796
121904570 172824440
123706747 170753302
128627649 165212638
130344513 163317922
131241669 162335531
138080587 155015451
139816372 153203583
158682297 134620435
197759163 101690476
201288067 99037182
215754527 88655240
218454433 86802597
219997978 85755063
235342405 75787367
236519673 75055159
241379111 72080339
248519186 67845628
258106434 62407149
261402430 60601319
266313200 57970046
266776180 57725594
275214285 53377807
294857008 44021543
297371381 42898651
317297462 34575695
324751177 31718193
345428198 24492315
347973955 23672295
349137756 23302419
351669364 22508615
357866503 20627421
373836556 16178973
392427679 11708902
417835723 6797169
457107091 1843198
532716333 1071506
550282592 2534764
564275682 4148573
565224053 4272430
567095745 4522290
574617870 5599177
582524419 6857302
599284860 9956617
603511101 10831877
621181246 14907116
622905203 15341036
625560088 16022041
648519985 22567477
650624531 23227254
659700172 26190064
660749820 26545149
689151056 37158906
689454668 37283101
707927442 45284508
738187410 60378847
744882439 64072723
761447888 73801687
763377064 74991150
766592284 77000527
787087817 90633922
815274598 111925358
829968163 124339234
838685668 132179367
847218855 140223588
864407643 157644819
865333679 158633184
869644082 163305402
871893918 165792111
872571300 166547415
874422880 168627843
897587093 196809461
899393232 199192676
904470707 206055367
915998100 222609336
926488358 239025518
926805019 239543716
933711781 251214770
936487951 256118331
937323651 257620083
937403004 257763314
955453797 293694794
957391528 298027255
968694342 325857490
974322908 341829905
979145145 357101682
986653972 385248482
986930059 386425720
987903595 390683570
989109399 396211775
991538784 408405113
991715233 409357134
992746759 415143465
993352261 418737793
994056809 423137339
996624381 441998075
997549601 450559187
999973953 505103475
999885005 510722941
999378833 524915463
998059042 544013519
996757284 556852439
995522424 566764711
993050299 583074676
992665587 585326540
991837891 589974932
988760087 605420952
987618140 610582769
985526332 619432745
983984503 625534855
982216482 632163778
981147759 636003063
976926528 650136891
976642324 651036732
971411280 666647546
968447903 674804352
955835685 705460039
948004084 722018782
947116959 723799966
934449091 747495427
925624653 762380743
923211912 766254909
921662182 768702444
921081131 769612093
918605246 773440392
911900891 783438979
904624487 793732912
900962345 798712566
895481324 805932218
884466013 819665269
881990230 822619689
856759088 850318358
850114499 856959153
847496620 859508134
847228487 859767115
839279026 867273389
835872799 870390959
830928034 874815469
830280491 875386197
827372616 877924820
822729463 881897490
809399919 892774349
783784348 911663021
783730830 911699909
772178951 919426534
766462851 923081018
762828730 925348161
759143260 927603520
743186029 936875903
741290166 937925856
711624216 953006833
699133635 958634707
688645718 963047290
680830708 966154754
680475186 966292512
662563657 972835126
657980800 974385989
648853373 977328684
633362742 981886271
618123720 985846464
614565444 986697810
600813618 989731165
599320251 990036210
568521445 995282557
549291893 997564376
546049334 997874942
521851110 999522300
515866050 999748205
509728911 999905339
509084795 999917459
507870267 999938055
505617255 999968445
504042471 999983658
475038704 999376545
469882162 999092091
461026985 998478790
455329622 998000559
409232837 991692304
395681311 988996535
383688984 986283608
378809919 985090676
365314362 981518202
361530548 980443764
354316853 978305781
325889696 968706307
322091431 967277798
321652261 967110355
313821304 964044710
312419892 963479992
306028996 960841892
302662831 959410537
259351373 938278722
252426238 934404457
230099768 920896501
229791980 920698973
204055364 903009643
188030180 890736269
167268264 873215208
164843291 871039055
160547670 867113219
158747344 865440316
157227301 864014940
152648217 859648076
122073951 827371199
118117046 822746665
112885860 816453223
106065933 807921988
97381209 796476153
93483739 791109137
92424245 789623902
66930582 749901739
59256136 736103465
48206298 714201894
41831546 700204066
41069963 698452062
38461791 692308300
26477575 660550657
25544282 657771265
24814165 655558422
17464608 630994642
16233297 626371584
13056855 613518167
10650586 602650630
7494779 586247362
5048862 570875744
4318419 565572637
1617772 540188992
228666 515119993
134340 511589749
10746 503278234
804 500897064
