1 400
467526769 85195364
225672739 676874691
482779579 401136887
842924424 883009585
695094694 16970951
127866211 667087790
348796082 450340214
758113817 947053867
50859403 422719383
484509644 744417132
525901816 509623389
342643408 286087025
339829212 216954812
925876339 274973537
740209606 756230504
249944590 197090396
58014816 36990918
475917169 536730582
579444945 637845152
19567732 863353418
898942555 515149947
210790529 545809787
758626594 574456823
868126809 76582833
546016903 601882532
819944618 990663975
617587228 372874037
768359752 507331545
438941414 343741038
516346692 714298739
417841206 583078385
714102002 242888235
980388443 712312046
689535930 67911077
1734958 848946356
201976471 59389550
589717607 804600548
500955421 165219821
929417312 466385765
496558990 379585823
58656060 415983990
375721299 638064066
76240467 248736998
289862002 990627391
139425117 794929205
616036060 371226683
724710783 483915335
914565710 92134028
435654546 408036738
266492157 874716386
30929743 239771510
412786522 623496917
978322160 599540801
639136318 875522135
233998922 613708709
572550975 665127175
621302893 187211479
573465866 640192142
866324731 206379925
35897976 169533862
402333979 374685372
841633513 98058047
645704643 765157497
514595086 501224161
844657100 172456440
960733319 65619121
280731101 19463843
964612261 549296306
141581154 839428348
719459161 676220149
855499779 516061465
154333270 215459280
406351687 712111532
778488873 87411968
844985919 35903803
434314976 262206482
863499367 653169955
901971845 689031762
745423536 174046709
326283783 458039993
33100911 608741553
57908918 665621975
191032302 990949697
553416317 91534883
730825392 558241023
617962659 287540248
464952817 391232715
1967148 330363203
547299993 794988473
171042447 308715494
313760822 248527393
667105267 869345535
520555691 298264845
207358637 876074968
259674644 492648330
434113271 210246537
105143732 499982561
488237428 424190299
733253262 661530851
930141003 161132155
736698819 705101602
340289917 960074709
821804822 46911723
164127367 435962566
416919138 141173787
625304946 463926210
875589947 661268799
522283604 539841360
190772671 63678561
535355483 770258226
187116187 929218697
130122766 816198494
733719152 137252815
180020704 390217887
299388326 644920560
96726113 308151384
393524288 600815667
110499532 280506786
625386593 706745703
826941664 64989625
170037926 832988314
242607226 508976391
767599471 976957143
367873098 842163562
305296618 78173684
676407804 4061611
849490927 142338802
490052451 102646607
284531265 292082853
921054344 611214149
672874154 38881712
125035074 191819023
214775686 774014539
870772017 204006173
289849348 884084396
101870389 882497227
967769610 435804042
350139835 618889401
311204975 887481093
408438784 508190367
426625712 528976782
400821110 395178194
372888571 54625145
977738985 632212310
576019751 431060220
588612970 659319451
670783685 638460212
182275036 670105233
528535836 265769905
988434136 639941956
683142175 759197763
830331912 636146026
996407870 954512855
909740791 20088945
805324153 203959978
541610864 50522371
837470777 864694017
891336798 394640768
278644913 669432291
855202258 782673592
522862584 383290558
265321821 851989648
298811122 210397151
311613867 222365122
753636971 924947762
465172978 864833569
369187446 932877205
264964821 707905418
901244693 225121999
168714572 592299602
500341171 378464308
14153207 995892669
38296346 545009772
684225114 94615692
665190972 96418737
432542279 671218605
594524505 294953276
749577297 579703850
569624251 584742240
559236125 937043248
225493290 207791866
304408667 715929707
749351529 62425395
194847846 997803405
19557333 749585007
504585808 282070967
913158290 573993430
869109679 719207672
242315839 299603113
960628137 253063027
122429920 163519479
75301129 496948552
527222624 922151721
247329297 315302224
459988317 986506025
650288614 9641006
512717321 530493592
853892127 582762885
969125581 836150850
615377273 669130869
228543488 348475451
773878641 825844421
251535960 256537359
908539338 634963492
582762980 115953800
567565912 848077598
533657029 316140784
432580341 395154396
222120442 211035606
343098466 252722674
601972402 900756629
203120488 930464864
844165218 637241006
452216603 513734115
594813147 287379651
721000632 511788478
403777445 423229600
723922990 374881058
534934419 242481622
401020405 486852388
13651477 841769002
454024033 809258607
288248648 304087944
58713346 830389786
264965433 365004308
168926335 582965783
872338502 698874146
838166583 857533601
258327636 602924611
978644706 959459425
340650751 989933749
564713587 784648424
297905310 149189272
565673501 572204063
40730267 371703583
754525348 955541119
234325884 813842699
64499852 400192008
700664737 657284371
221745666 770228352
333717448 98984566
255491630 195527133
81498391 80203773
588557378 630957072
727480254 367629461
825345514 263052104
115646019 340464730
26429912 474754705
787788328 142500778
488315471 269541276
868555558 391683427
95687511 674992980
261945495 93702939
539047362 104922170
879442994 365048039
172898848 631617005
391992869 928078458
646784317 629403112
967343759 856883176
326910584 721486598
199677426 640405237
999303052 81352204
801538243 966597527
298690413 528241568
884080624 231968123
36852784 67991626
453168233 666206343
458153584 489848298
826077140 851214730
400002414 73280438
988639877 675205288
62436039 489415453
342432649 77459240
749935537 771604943
711067047 794517484
96307167 199821793
667485840 749461615
834038763 545270826
323385450 498920611
760715963 840522850
377803087 217938693
669058653 461184957
908115188 820089687
794215956 883033866
7875188 251212175
267484957 860596034
320822590 122573334
364649906 478767116
254349929 186305766
429095195 646455791
808109439 862342374
649240289 106053301
31804649 499519510
217885582 15646129
345936986 772070007
138427357 591981122
265280844 52434569
796523709 480791624
909180976 913583661
729852908 402193173
646247029 774883008
455959394 805859249
8703045 392086147
633105325 432261327
995689079 859208923
663125436 526300641
744635014 230286717
43558033 146026650
112523078 177021041
477056569 179370709
554801495 79997287
676877389 538614189
623397958 354914337
952190111 956309695
806557708 117419695
852490036 189069800
312944064 658781830
375725995 118100793
871831541 528871335
811871516 827583437
209653157 332617151
198111048 446962679
721384762 625863643
775211213 289597527
863762818 417798492
169909225 755806560
629133668 356155305
554981639 158121080
673506999 323052695
803182082 692096092
833912830 758923577
71338860 781114483
267825654 406962725
186595762 881315455
574321835 62240125
63487037 540788537
192164900 547546271
237190936 261914619
407738262 363312354
84239820 2050098
567451071 919270962
248201936 511714705
250528575 78184741
878194430 858064748
712807178 180595526
480881439 977980245
543363782 737728579
405684508 431002269
793475118 50210659
278957731 883177147
877173175 36601998
330445922 490974536
471488499 522257231
808965844 435964636
44257602 670438753
252454538 985460321
59603794 331279936
557230217 974911613
758048843 474412855
190600945 722080986
463864755 485416282
318885730 609213186
514121831 420834162
44483136 388317378
531718152 282103995
27132458 360166835
684492942 365511550
845470032 20951552
381467330 94574673
588528687 460946268
13216923 783536574
947019372 65614959
805046696 359651606
710461722 25940632
1955999 472073427
941228370 843118489
745058524 833134779
776716431 156515896
278767808 430560063
425829421 654668534
862002888 666735341
916921919 875574079
522940084 401140584
932771466 39946607
443549327 566573448
646475713 729235371
493394657 523278790
209034001 258482549
104739712 794918518
738856491 883171634
819277825 575210091
191570361 867182048
665992697 112178730
23539995 76404719
869823974 961306899
750967850 583581361
697766002 554594820
97029704 456840950
266105261 359568516
605777111 79003181
