100000000000000 400
380714483 121012358
754639896 374212230
251499688 914785718
304426117 493721170
648093554 223992706
636369399 132682333
405088289 752182289
656813997 658920273
266851901 664445919
692050240 567918329
667813809 704320804
773813959 603467078
766217868 969675946
479449900 307909031
369287901 927920325
702439264 982138201
739842422 53025668
593830556 270737060
389758 621184556
442014924 398058891
979019413 147646648
593219898 45808535
451048889 155833477
676661100 297790224
947219419 769200871
764385621 54217545
907851951 79258823
823665285 74418881
230088998 997100359
407437301 985471521
227583181 659670673
846894376 661042458
708483058 636059768
137309506 484914652
406574310 670842477
109489844 308983638
926774143 731435505
658285732 719821708
298130583 260383272
292030706 36532841
752845226 667096019
725342597 553120598
475522470 476712019
29729145 277372352
839053505 494012679
586370268 497853413
70399225 152541487
679724669 388853366
625706144 45197523
809623747 585423381
272029774 997394300
735419726 580855074
647892952 491759019
199938302 491208650
441864401 951388542
588066386 15675875
957662591 391764283
163284030 100050248
247108855 856905633
386842087 472688036
736658577 315045367
575219241 997528229
176082092 475577784
70754305 454005282
950428011 938270642
198581765 492421754
810367882 918506096
612200335 932929492
416300433 91837292
615273595 682791592
286139740 845623971
207770875 856565920
406389468 935807533
524328470 861134416
148655846 441881530
767249660 966737052
230274021 165190662
373695144 840853465
851937236 188694836
783710014 457774170
489616355 426248942
32392483 962993396
33930516 258797689
78322046 841223465
485774177 530072822
526689384 59305591
460026714 602534559
176736992 860939310
606666278 127838324
987840191 689195337
188415872 588549935
3906345 86238541
337006370 177818670
568413619 179600728
90042473 761921404
667786059 192713753
190020616 348189781
343996816 942272673
311227184 962401556
320550463 496221403
669473615 346804388
286359535 381319117
30685524 451842147
333302297 461659341
256572434 534627955
902557822 308363095
923058299 475657159
629838091 180113955
388463495 804730544
576001271 27708916
483871664 295840797
285150057 439167879
893669214 337068262
219224545 479349643
923374029 473605172
475582153 514381387
997537568 743960550
592338674 821243059
768615174 770946991
638843302 893343484
196477305 199054659
681227910 709908759
679434845 93895266
3272377 690543050
137833114 597225269
222296154 654722097
969485706 21803295
167853341 804679113
242288987 586482829
850453838 122611569
219386332 62170692
399485050 1147334
316293783 17354220
668420512 454157800
34228765 260881260
613193670 533037600
650826452 868484423
78102482 526937925
899520884 538741595
879773300 38337641
725907037 965136741
551463316 461779851
175987968 209490283
245133105 857973521
834773958 526757767
319827457 430969359
335282799 572786175
430560266 915595101
516414645 114321338
381736583 942664779
727003361 416294332
392577980 390051151
408559575 751596843
782305738 831301830
364635548 111734778
746855538 904545456
372910860 163679884
991233954 553419002
406687192 775161579
780734266 677054381
401402263 700230127
688298233 388222715
461391598 358972563
155592485 784982066
956429993 369931251
478777152 443597982
917859838 244059137
973136749 967666922
551615929 731169638
442829987 470387177
808407834 821307566
593656717 534019667
962204287 754704566
464486134 450131607
490809110 886193064
829233341 566935855
775920970 536361942
873986802 202167537
639223404 464653086
299315246 22446443
307758893 769608536
747113787 147002805
743604929 755044078
546724695 506634258
199159400 112840798
379182329 647080887
388978923 705666020
429769544 340184160
644419063 355020111
357997069 835408565
727428676 751766743
92975859 467431421
752322512 732615361
171635414 770747943
972275954 920681149
934226278 644515941
603465452 995130647
22757155 148942526
658589387 866672749
302291291 800772216
834749448 111098697
728426458 884434680
304065533 839144114
100449902 252877638
292228358 304444923
478444657 240493672
830283253 302164085
333328936 774833790
948485002 646832067
854801085 159877773
959852798 501232646
482383635 704512075
444757010 462067386
380850796 949026348
750622989 681619337
551884876 762706267
396177852 144532301
179053465 986747966
483751775 128174886
873041052 340259415
728447839 263871963
724338706 925231876
303375917 862606668
944598992 945447919
825998021 613620285
499502053 217885427
134828279 359772628
118165079 372112399
922897448 133828922
757375480 93445565
897992348 286966435
12059926 578185910
575704857 216121550
711550713 920169458
501316455 53255982
235191019 256435646
315672012 743968302
58940742 348060489
478263722 347600671
282415891 914790159
348331209 23067509
627833228 265256047
836358112 241809235
957860063 220882201
546585165 756221966
731699247 546573504
148942236 863285007
841978229 637940483
362231045 691202645
516462997 855307713
88017965 131812646
265638126 331437442
305469570 467752195
735202768 285646372
168814668 585784526
799342714 171858809
606693159 510910173
334862006 980357026
47903294 815958432
877350954 707160964
956810929 931553932
410123886 471377418
200450057 553977302
510326113 578278274
665167855 785935090
414928583 887185563
70401440 531516083
215700626 118853923
632528641 115978617
509387949 126210636
453579449 971635153
962898068 75962779
728030087 802105246
406561258 306562068
106679658 688375111
301855936 593369312
606015554 553550532
883678071 998709450
657161215 797922586
484599973 419253048
24500099 694509497
770935349 355828661
567977296 960930396
27523240 166998145
757197518 649447604
34502410 866414278
734870022 17301523
282641648 927453396
772463080 28443431
945926799 440490830
310290900 508753644
670063655 123950293
432821240 72544350
822039100 489623184
969855267 87166964
464262943 333029886
405694827 686143717
691055238 778772354
820236925 145194476
303293513 943199362
420672045 375630086
540650490 657844055
664341629 557969815
539424692 872826401
609540664 390334353
948906246 861907693
38922745 215158490
771110438 490390573
701347057 521857420
559104704 214992359
120836012 191003840
578844931 778623897
779674051 392332930
23284608 709954420
589830444 342555313
575683363 353988359
227887875 92118691
102027448 271670200
875505012 654894176
859918899 962322079
442327149 281979173
187387260 616275958
435412383 958527145
174415455 388991004
565423260 154106662
866751764 575038020
288232731 327586994
427670292 734684299
207056787 70513375
208688385 410487466
684321710 187690795
917736904 462790664
559288108 953154376
457302277 846148144
590617655 452470909
610388964 13418778
944408253 158614803
385531830 253238625
243733198 530240647
857755493 576197122
163911248 903445798
890607798 770298924
152413296 431494619
968419360 18114432
59793561 656066961
516075183 200065158
474611525 820305197
337028837 141411290
379451534 912406473
186575376 419906909
495438083 422656343
783171870 796496832
94199123 282445984
446798772 824954567
398359418 512040783
426335053 458127611
17586944 692806216
513864765 664623857
439204081 646276486
117544756 426043083
585007012 43771194
713243687 416965439
199324174 364500189
61114538 192092968
67298157 210108863
646157650 792371920
89150348 474841020
971844876 513377309
787763018 819670444
407826391 643029198
27037584 148299659
730791211 401898436
509576531 40498209
854658597 205528073
62196508 308751581
390877376 118682464
603082242 98526102
24846278 524128898
885793373 727256220
892920177 713083828
758588145 898490291
504060479 250132059
593677237 129646313
343866180 263805600
64946349 80840765
518868025 531175751
493433637 75422814
524417409 537335042
784837224 292808746
517202016 527076481
175100352 345779762
53528999 358019974
471770998 997011650
181374746 920781924
148944984 23030374
217626747 37024882
996442694 701142431
572806584 312415919
930851394 224402186
610323322 147305119
