10000000 400
580695944 192753382
937895019 137397468
390252822 523406369
982122005 569014908
200988937 5989403
145078052 899491855
606826411 803166147
966562503 945153639
748006339 640561259
424430815 433294206
276733249 889483881
663438442 358661637
742918074 262349148
189748187 519434585
511863931 43264296
504066505 354880824
155083134 758677503
955576173 669097009
715585287 623766865
57194866 114521484
947421485 867269033
745457003 606762427
830820969 464505536
133281007 999808616
492195223 385115549
759838886 105194464
264395405 155467109
932221096 884227792
550084438 555905248
443733878 987087595
613534704 34382258
965224562 237036360
535330979 928614598
795221965 348267235
778076835 690357035
203613875 274018498
703925462 858809274
635456415 528865166
958031943 74278080
867148603 396065601
127199884 136598762
200462373 541103299
553059414 292930519
69494800 719233470
873472910 312779410
533089447 635953568
538401567 400386731
719773584 924549109
467089806 857825443
191668105 707044847
333314547 580253036
341573218 908392228
476852359 907045283
869550989 552607969
453629133 873380268
438920717 915700491
641066979 669979538
503581457 865678867
90837167 786061056
187147543 200646280
404310602 521748576
67048641 903581734
705123169 308320358
498283798 178933376
506618563 984642064
482841925 355781913
492898638 302277298
668085578 110844898
850229968 928955097
127352942 750280513
443224775 799019133
949722136 496629389
239554684 110135163
118885209 114457312
452143425 310903986
684882278 672141235
895373629 576822427
921671856 473467460
132466296 549796369
856584481 612705966
668297643 730794162
518743287 736592761
918578233 2261438
866723990 905136476
121716228 368941878
880240712 731451455
983680533 312470644
998811545 628150520
649060915 128833557
106981233 143371746
533146106 882445820
206533103 902200415
237664166 990168983
255236358 778247993
851494452 934373151
134293388 955052294
6941093 816307380
816984002 115378708
461183855 493057505
553611521 836128698
194081836 749549186
62225485 546902530
286561481 772005337
191927226 123094415
869867913 736534107
202263502 436855268
420720490 173361532
394120111 518986863
434545559 457390203
68768948 923537229
113838136 86078352
311245058 209310562
305894925 369305672
817907640 925396058
310718184 620200847
122840835 222785298
457945408 302795800
683183045 729921854
188204493 222917077
531089812 106082847
16159443 178158440
201219684 349126511
683898691 862109045
942269120 498721945
778293827 828460761
646761480 763680798
166909825 716538480
950009751 301811128
168904257 786359646
38745737 257707562
78349688 285361016
871787735 683787414
909250846 369544163
47539018 881715128
486181218 811970524
809055952 772702309
747301493 624319983
823181220 528433051
429999312 267636841
10745884 590440571
567653632 281796685
325553080 765691735
302585149 75370948
311606169 821379341
498921943 655224538
824352218 379907906
751406091 157726541
448036273 938999254
634829017 10033642
829132078 151379527
807087613 364040630
595024416 63406405
267029705 726952821
304270360 92672482
283372280 874536766
461597063 570854840
763578847 311772250
202391101 418780240
891663725 531244110
691243334 967796555
949970644 782468424
890085357 777520356
90800689 51960775
973325787 66293273
99282622 556973431
12155926 835864702
460667799 870955302
156287081 386015925
446975085 283688762
57201120 258296980
647320537 314194129
738359497 686570351
303705284 931758791
41625179 250949615
671201314 460533313
609655266 396715006
465472122 641302139
230065014 30539727
453618622 723586800
640585753 268178092
106998100 414106972
167044253 987642333
99648569 781178364
3795431 581212175
962467708 103735316
347595179 710695333
806244090 927537271
890606087 890067346
400945692 207636658
935120258 227102174
708704051 422718778
367409323 608374978
283022588 154868412
371802128 36793699
431993749 614054133
487353890 725920564
683972984 754842800
897625977 609083965
395037118 472419404
537841700 243655131
644396573 912243879
787695252 771727560
89449469 677304727
89240581 66216195
461180363 972294515
233259887 712667158
758466487 541474674
264255887 683234296
533803437 612896085
666827901 710947863
618176576 936539957
474317381 534971942
461395746 515801328
887884327 38674617
128730301 450029537
301461165 225391577
797910873 84161285
944610231 636559286
264362611 792475245
154791768 6764866
768644306 714014060
677906449 172323063
856874396 51733919
856283351 996652317
921831985 562233846
223892526 675953495
710446542 509621627
402548954 286132079
546580228 71884031
788292607 836570087
583088805 343516947
949194173 987363217
357869277 533014132
976425071 465356023
648597354 788670128
723513859 622010557
719783885 758079376
25329718 376665559
167145733 860273436
393796032 17877182
452592633 258305704
400718496 982478128
450012050 81190839
152414136 926310491
319234519 213549886
188565958 149250487
535255644 943470590
860095936 779166444
743129005 833353916
563022706 707388304
92922696 373739933
152105256 628697704
570586620 437521987
265698676 31642968
700919561 68355396
613696252 561674505
493174442 266556792
22105457 550629169
564967027 634530414
401984305 878802676
458860276 166478951
379822750 871501473
91202905 382798380
139322861 193306350
501315582 804742029
373500699 264591130
845305631 59439275
74669906 788031160
684637875 20930889
493044488 971573722
560286177 58209697
407044510 803677140
904497123 622127609
85171655 806342586
654306288 400095696
332128582 990434837
847884673 47248438
444413689 3710379
203216232 798891768
602327118 377216688
233999276 13275000
748226247 858484137
954345821 258008985
622475140 745976316
975751320 173711527
38949996 132345330
998761164 248197233
148341638 173733614
901792165 481557236
890583553 282469742
893920116 918630715
929785106 600514242
509745220 341857144
804703900 395128502
652677868 981547132
28120499 407733097
476218054 417116601
572394536 2202374
314001734 719564538
119252664 804178942
554815289 863088903
320426953 90327952
836239103 915763349
434822264 357502428
367164880 829825737
863999796 647433312
27994507 904092536
871865547 823543117
141215618 525846782
41698288 209922198
328763281 946491756
491687333 238694402
782635970 924649635
305115938 123215540
179198395 361370608
772104234 704994365
749126667 854434787
923196845 579287473
785944347 649939898
672076591 537561093
724143316 469543138
76805339 767567491
566126553 86667650
294145720 770536557
64118242 816654934
259021932 626601591
159562363 170301521
866115544 446850947
594183887 952942503
513341836 593835822
80358601 398865983
4012616 570065045
761581702 215657293
681251120 607405724
68319115 823357093
905754473 680649603
586840958 510271619
779412295 593784723
350737577 705833536
6143522 812023101
187287377 732906139
772279399 332998723
368931464 83991152
250613329 933466785
543484970 796039801
468097703 982566913
549148959 296711032
942753726 906468748
350714415 52500612
173440021 279157407
533144566 345251017
899075596 810390257
572585136 558095830
190397411 242302415
456947067 338016747
375825837 343628791
120526454 151742264
390002697 854715526
135881881 681415704
887380805 101854814
959401240 716064569
24008365 457770269
872609334 802870668
812542836 492380538
399603087 720530354
81268996 269710436
580553608 24347615
925541649 562385155
554573090 532839435
152736729 351915812
549336283 457653016
51817639 569653420
804023575 18552089
348448865 503919688
679286253 394941199
700705177 205180057
20380721 451496194
26356606 798100109
24450542 687516198
583282001 886277401
118848393 335199583
102041091 736028208
131482274 812980692
765860989 371355760
55117599 586898976
330831035 380231693
161043908 624553480
954200889 614749589
190178091 48744268
8450361 502401001
839374341 376958
932863128 229854052
733385679 779953054
984178952 239913051
287960761 521737237
631319003 528239148
362005296 814833923
910359942 48253067
541795234 90888893
7705153 218095765
