1400434 400
53751349 97477045
310204931 125239024
369742886 808554246
579714188 367660695
378859868 573460506
908899666 159398706
522170854 728188301
958134200 151674089
315323856 944510256
242333635 209656437
830160729 705204733
958202640 984858268
577761247 712628528
37506279 478164604
355539048 669264405
677324526 441788331
633880145 220046365
477024770 13910361
207301210 267401545
270105972 245489395
759594164 632226790
919745192 405185792
91717075 631292305
631363077 655153185
740011549 419638827
715314018 657788339
916044300 123772941
536679162 347871614
980373079 895851651
572469795 996786816
78829737 870968840
759340491 386247953
464915750 413076958
837564893 615343168
114787064 853824879
880624828 162325611
892977913 799323409
437649943 827578075
383236969 707741887
598948508 884276765
206071549 637307418
516278919 763595684
772579256 100338765
5227933 166921043
46867647 383181144
393030828 726219682
327339251 856094822
700692788 985265272
41637766 165608466
395665763 88357671
259216810 293776333
339584045 952773384
84057888 89228053
752123816 672293626
939833723 870372317
219731430 626891604
546927269 929087307
291986887 687435993
878483399 522444726
233135490 479527821
159488471 914604077
344314624 696254189
23004852 691646478
959387164 625984352
838233951 946370268
560942525 862620326
401560123 161754126
362055436 169365890
84073373 501080861
710628862 455315162
327170298 35739828
947631385 914678136
808885674 191662800
190961179 54433178
802000510 295672389
426501450 755600476
77315853 342128461
815114664 584701877
180534683 857765595
306275275 807100358
465216676 552078595
113726279 931942673
642906383 988398923
468473607 274459585
697074742 914718847
706744343 469411380
968469225 574035547
534631317 528145576
460178608 631404341
83647066 865795169
620871168 969121699
705765256 389861989
208114769 170846289
898530310 541135109
776205601 18009649
109834719 183436508
987391954 656964098
103470922 294054673
792650217 366095305
305831705 30048173
292027593 558710931
242034414 26832235
971778553 188224929
783290435 34420246
635735735 3556487
172537669 800785449
73966846 900563862
581678961 249402145
116862700 423495061
128280028 583503474
616967533 911583424
777998115 774972474
509754311 931683335
287286688 462125834
414326363 778721518
908064411 442213700
449382551 586039833
331723449 84086037
569683722 760145305
286584560 177412288
595444091 227363623
326309104 502097174
757472345 452827018
391093307 494084618
871665465 538921269
648864124 552744879
485112617 609904818
585138576 926244428
192730821 723012864
997814063 419738665
982615809 157045147
71566733 987606438
618473118 643320530
969289625 114614180
740858036 90276484
744530456 171746398
531281032 453992384
29345893 55323200
392018409 615981176
936894865 440262290
179947659 247322047
805408857 381914940
991349237 474551028
743989163 651878107
134285965 908382206
35739560 870705237
118298138 403557205
880706674 45029198
163894114 419136189
652138543 81433766
905539718 616487301
787557741 774981004
533246065 82043770
879397235 792309565
958348953 62393039
427351128 390671119
280955840 224079032
635186341 307142273
891717015 591809790
245779686 531534846
365466890 954140758
112597963 876971211
918190 770615067
292564413 370165315
324080739 112059019
190183587 104861687
840149762 321903927
222391330 262597207
776061385 330888348
594137599 301628692
672395429 479731911
385170075 284046111
471226882 336590661
386909013 147488097
197215053 593925304
482532987 552971682
66071134 313329487
346803110 934346008
171686115 707667343
508258392 864349973
487201699 205893551
462312501 658676843
820689247 98247585
239026526 441132328
163480564 581515807
88161657 562543163
703151399 325693736
940986785 548796330
773055510 275521125
657184665 767838622
831187650 513652360
633594855 813096416
926461999 119465106
542034922 176935435
651121147 609955993
320469585 80826
455793148 653922383
556861553 237024301
865613107 370736002
505167099 378355586
123055454 83549473
597531172 945826185
714628225 792483922
348163064 393530299
846465272 780483099
490353269 394650067
571461419 379954167
846505623 452952059
720738368 394207157
115855066 966840212
389581770 300015119
179109360 293573246
901183362 509592623
742338950 738718960
939875570 607944433
51553685 509993487
320282924 153457894
696752057 815342226
572079017 22336958
252056237 349338318
299672113 460781665
622535871 311308419
271981910 957308443
241118359 463110051
213698993 531868861
108444132 122742996
349655265 10144422
211862877 680145948
695699255 362420914
806670409 677418926
908710961 920616992
918467014 299753879
643461253 678105336
36825290 153026154
245446552 749937613
944196542 620917672
807302281 697969492
554357861 751271374
179015584 581779231
213230274 747919420
562928798 758560419
944827232 477144806
572299137 547616579
483792536 666054548
342214740 131044259
150783459 841863766
41830488 248527031
857758126 15010934
519397980 293925607
446603066 987797287
813779818 372424018
97572492 124401667
249485840 41493662
283866718 103983599
584821249 316968318
121338342 227064152
249657688 828821546
643723262 517593305
594678484 670765057
901589906 20970815
986814345 252886434
377445195 295752839
3649691 841580947
573182550 164766363
536364009 881754782
17279557 645128740
641808491 930981204
475885405 13073887
738141641 663639162
616821309 158406491
67032160 836174719
730242604 528345423
672086730 622059987
990404923 553555263
787592374 93235614
21532618 613604637
326007079 615738026
136570182 756899667
368671704 414047769
80479317 516435437
964847286 204939865
451825802 93432220
676845314 690738423
807703358 356637177
571737551 247399917
496449963 135056959
495165311 444173263
136683645 67737888
913079672 784107024
735288018 120548437
594292292 248161423
193015115 468060140
337891460 516475493
944158457 368655464
290720056 450604245
747273513 832757994
920393073 547252871
127732242 922639137
898192185 571034092
410342773 865894241
586028417 756220105
695922568 592961223
802039864 174532729
119052097 258266598
830433334 899852447
922461865 761470973
912943207 792254239
44319847 609503494
512901226 597104112
26999955 194594561
238480477 594361643
767710598 518725595
550408082 4529224
268070256 488375132
590965943 803838992
401221365 580162146
653006462 108960615
983213854 252188440
873238635 768862677
963797785 168622841
4911630 751830192
359790768 872317492
76601464 870766640
7681761 592686329
910304649 924425959
214341283 520037582
472008886 845066634
744184340 859978605
197074025 297941617
983147242 808935822
261202211 395252164
321501643 627218583
406458015 817715610
808865038 118883034
522933312 441501902
688888680 767663700
574183881 299966900
101515584 835900550
31702044 580063742
76541288 473385733
533478724 480097927
752395447 961572418
252234097 243277611
43565974 876387575
395922520 607824909
424088787 254588418
537073489 608916444
998535720 386995272
27543887 884564343
674641545 661248988
783116810 477514751
491481302 215815044
697159363 814613189
296379124 713145561
566019769 444441400
895509211 314678425
687238179 813354816
781329480 990187985
719870707 171774177
489230537 487558802
186100768 505915457
7289403 23946994
74567904 368692496
997858948 944311111
630416837 364238099
915085429 96166601
124459080 160623475
91661932 348460840
82934990 263555378
964115138 152590008
396211279 983943989
760365196 876936664
507798619 695085820
484914718 452386697
225412957 4624699
233688973 166355747
84790889 284104773
167128453 862806400
238280252 73864192
812534047 169570472
943208618 424120421
228926509 66346694
231035364 125964365
668792376 358719720
461260465 956265485
540715561 901647561
649708087 887706665
955546025 233853136
836761275 7114278
837454162 905899241
228620432 942785357
614226403 386311586
521229292 492829528
614372151 137640322
899915719 126022868
575625412 530278440
331447655 122365930
821050461 557133641
500720583 20433995
369041185 804316578
