10000 400
996609018 505810866
214183081 251635386
709268177 112304605
73830539 236945177
452391147 309229299
79768211 481923079
844749319 965243603
364472947 173236695
265534912 61419527
360623062 896888897
851741353 252319248
814864031 987082658
981912301 20545573
890090827 150513184
827242596 461012242
127560464 81633508
680530591 10266799
653366685 718725566
377779461 709523438
202821784 205135645
450814075 47132642
56847952 969944927
980386439 624982232
407953020 983423671
635283953 941581983
478527029 233204328
719545098 213540337
958444312 926774776
807967067 980670354
365836039 933126039
75155716 72589951
197090208 312052441
613581541 125831507
101057804 124847231
604569433 506952257
112542046 779498614
659180165 801569897
780261864 116111079
200457504 962494831
726396935 30665909
122960627 339958024
960573665 149910461
416044347 608793229
333253603 364679883
160990702 274258300
974024495 180679625
904178551 718805793
490520168 493743144
736217065 24124510
36673072 624973624
153761028 331270638
637261821 957181002
327540935 468326011
630074517 396017652
23496924 214265635
143932220 249916896
336064959 653825082
858207273 915591099
205492940 409130669
759106669 859359596
765152999 116584275
807170632 865919189
898809231 208550651
180663707 225860426
767153813 183019847
135509382 996619334
667498674 132462912
519236956 64641025
188746117 589826588
117005495 265539339
818139311 808767307
873676738 529741196
432547925 957659978
451516005 72643008
16635646 119648248
88012841 58641291
263155823 499250514
474600672 999431061
561406247 822451877
886845426 181935313
286824083 776099441
114282609 801833799
963428600 407706799
507773811 856076055
66610008 853968055
579337548 33854942
351053666 834081002
539822396 280447636
608827725 700488582
724983427 653084013
589861130 330579754
518307860 691998037
783190362 207012214
889226827 285927275
815448997 365664657
111407042 483562507
702099613 683354793
991161342 315219882
481559532 475626779
140550662 398209683
159500975 66436794
233279367 753968581
450477509 87935936
920491231 503192538
718896536 997613722
845119005 623011126
714497611 274378553
535238896 937647902
479409218 412510856
786624948 943859439
573300660 133956146
793412158 308916913
259255762 659780584
631720683 163631786
13261115 483873473
842202716 517564896
752134617 693495569
170597008 514197563
545047466 952797146
841273292 141807655
542359881 415009278
756833340 603220771
577609949 559208710
69720910 465649221
352363717 591269011
829667941 150120473
55060136 38790070
496351604 64252108
159829483 765636948
183663298 541458556
700469617 295621136
270410480 52558430
745168219 619206752
362590133 589635209
165694164 835677498
335088193 57402931
49949695 380274551
896745287 511418270
178117192 164878386
811650069 956508494
547118189 77248404
888839806 590075153
85379699 916700999
564607790 887695277
948942463 548080932
500174936 93980354
581997864 905474805
211450916 223790443
206377790 551014380
588679640 184078019
807882271 317958136
388330398 403021590
482515061 988109076
865598925 698077217
337932443 779956551
985884647 111074386
295070168 995143066
455123917 171180364
305403889 369840819
51995929 154263197
461524868 894081904
895917705 680587380
817682403 158560092
341395577 841725949
240613817 756495327
129293073 843842168
89224866 712100555
44042884 274736235
222815961 355953440
495719409 299129041
274820794 553077834
21097222 86380939
283278340 732336506
342655698 467810748
273565761 828207638
891483461 933452425
557623603 613931452
862611082 187268072
153417633 384384269
515292443 90205230
40079041 954517582
409448996 591846362
803954173 385947527
228867949 776559738
796987908 992038533
110584204 20816406
174312009 421267549
934133512 23743791
36845117 514832234
905909566 138399843
72318570 305339767
255165109 379486924
795341742 924682987
123954673 437195583
940874407 465675608
264544228 198161629
912499339 362786184
298560342 649169255
709435224 124871644
51255068 659923279
412919991 717539867
535574617 404081210
278579715 854716525
152841012 576745165
527889370 122890423
585941972 304697078
626212034 952657303
486617665 637055525
569626248 113411758
117818207 578987295
696997366 709001700
401981813 292485317
88996468 262944164
645357404 514170499
924714291 184130785
561008977 627590094
405864114 289926309
720039112 478000183
961587544 755132039
725682648 253393027
805914500 924810871
451308817 941001313
507140377 657658537
449188093 524434937
665719293 83517662
527563223 107555182
332994388 623564004
609141593 863900240
112508366 719542889
946067232 602691509
262179810 407240193
269271934 310967370
733699176 168871614
100569169 351776326
696694675 516994776
687196529 691276791
993097865 6233556
602314849 664366708
46607764 166512938
195052956 932806360
279058306 562026161
949517909 363065271
406331332 169510570
509053733 89495784
175374778 260330469
116502811 482675284
995664525 757290213
900015787 633189421
650887172 886949240
531308010 696681311
816460489 341373707
546879604 268545622
633288407 752567929
194818317 569088007
721290988 566029567
283571534 28777676
634832900 108222886
304916948 307826938
639330694 843571295
159230102 457553748
681713397 200725734
518627506 80386441
556809043 626638237
858159846 501108941
860042612 193910562
960856137 39817062
388738163 43542541
689299179 273370896
111609607 37800996
159398418 221775406
560488319 676669743
417093752 186639667
91907623 591004450
556141462 703899207
843244088 45975995
918244113 900550406
782655660 535027171
763343776 79458437
365069181 431712816
185296072 307668060
452655045 559768961
483853848 406317474
551301005 438024152
126161816 284517153
819694165 624874436
59906691 681132575
782932977 262913383
526458871 538998635
209110149 928666846
792056481 202167749
110252168 71562025
374358805 437025846
354627445 359592832
910752464 992713437
686125007 15347099
167007389 67822272
559010339 839371580
439266923 482245845
714522816 196750075
114905667 823978756
469153060 104782142
952721988 492287983
491656407 858841330
323939487 531206218
575756491 899416489
848390660 138404361
475987288 293971002
6803676 799521642
753220893 531074415
675144323 747096596
121166169 123140229
291072516 738728750
532885897 191336114
421970964 548324507
97682745 116793916
909356098 920633424
967527641 507845566
319721821 868467629
531912309 119169917
343770794 680233689
661693696 363483562
870785102 207630870
927839467 62207965
492846608 317649295
4018649 862171811
88328382 176729404
849990802 757415843
459115953 962728928
111694180 948145036
212403241 808004527
186316792 18372553
827403330 509145361
297557214 727696421
402319695 207804528
793740605 856980153
579703086 873347208
801738058 870205399
637188528 258631065
718732474 937670978
861190823 156259329
519124242 804263873
420425400 856452610
961484934 551925418
795946904 349735096
376013924 462593802
868661797 186170250
677102699 166844806
688254223 989987378
487512009 960406776
633991790 542937479
581182718 451767241
591059845 653086497
379680246 854432422
134516807 699317850
7212426 960916266
897287961 924137966
659245868 765515908
271049285 805883296
709844551 248667316
587599750 357648412
258531752 967677194
268287542 888340904
926305140 588462486
686644978 989992135
52569855 618321383
434207405 315416369
869020758 332946118
773782197 935585519
730274126 532428421
206018183 473097142
674700944 588111187
449459009 410233974
229435274 605350215
598828552 250527147
640183223 342318930
882919926 166042130
51131337 832568437
163592830 278015608
212800071 186555015
474027209 327621905
451266828 155389001
608854682 266378751
407191454 897050655
650542023 986582294
12020890 243307325
322764599 824341497
962373262 594619875
794654032 491984544
586914097 441820086
100894668 584886738
627752435 687623443
961424093 477876707
871475494 915352444
945348097 429255012
717748021 496463959
923398826 85976945
638993343 669845365
370162195 769460078
934566660 743337529
387858958 770165864
