10010 400
516735939 553106692
890223632 284242609
18974994 939328370
50066856 18053211
46277717 854942078
50330486 184445579
798012040 803346910
204171736 30696286
650486690 729301542
830815134 561605913
465213728 771175096
632289323 630366465
232861648 548220307
430645723 334466338
353796222 241827575
125619653 524555310
555268416 791831619
220730327 432221391
445243721 539663649
692598525 616923223
80021068 417491723
906061747 383891990
783931975 424985960
641976980 141904867
5630461 158175461
395145052 77308069
239383204 806358085
690953606 897604254
793988289 342029362
49454263 62087231
445350325 298300260
560624965 224696548
173938844 8765827
297549177 418102813
190639589 515087304
40113344 991000187
906908412 851240796
304678737 754643115
729390420 448303742
860404109 998290054
246770953 808572268
391512474 334704226
769884821 422367989
443481082 668318085
866172291 203075618
736487792 500077333
786851056 528098137
734091856 36292222
497827712 881047793
525605421 556819410
229995105 947061285
746437502 861051260
363509928 772390402
565565805 79944715
398513942 497704290
557580728 366597031
713410417 859088827
710747430 61363486
73218482 986040616
481568992 432995748
312942595 435623245
146455403 188265738
921112757 239970236
573598114 111995289
816636071 526675176
852673357 143331075
728549823 358426153
712529305 753045800
655735688 801612053
190151058 552222575
89823996 625658623
704867675 931978409
206317784 419635444
529887723 244670048
13784082 465655944
970040729 430220834
35736932 242498274
919889095 400579485
467839178 215516559
758739655 484407815
117834209 179044825
879845426 857913992
202756710 450769431
583001429 337819754
479911696 597284798
552755596 888016315
485223991 954654554
779164311 813372913
928659282 151989194
736375026 778195554
465959188 144382237
15796968 669359330
522863946 414208299
43877995 660416137
809487799 124077481
311715800 626159043
202416412 4477904
418686536 896069655
522411120 243067545
655194334 435169698
592645758 833330649
810711580 228945241
168376797 443033272
625215412 865818635
444039900 86217754
149728466 564371817
718709584 832446353
834274200 253509587
217068829 455825642
327180470 376163256
664213122 427954221
640799372 835426913
321649417 599139885
32855214 242367977
677782425 942745859
584757559 269420519
551547756 546744837
12367204 910032283
953985821 716836025
666148901 503797905
349452007 507147577
244117583 320201700
762429295 67998524
791819212 506544555
175872999 454361704
331521796 899713602
616812236 201653113
321894159 973244152
32220418 793829905
121727450 778643288
466030546 943279191
496100314 558491237
644234743 253999219
152536834 991972709
503837833 436627534
388262563 889859613
898578662 689698552
424795200 167165717
15595470 58503281
755036250 564614178
374314447 5313359
37300369 534422003
492486389 552080930
957468550 533126579
313984220 256060726
707675473 590733773
759298810 871589299
942282037 27751903
112723307 693221023
660475034 741750529
466929181 458012284
733598928 84629734
583349374 155223188
526505978 14078383
65418099 890952331
53311075 498492952
380512081 818594158
971729217 57535514
164420914 587731883
890935511 994000586
717799774 558018640
288104224 145997829
324313384 592841001
345910995 458587326
871829614 786812972
429388707 458536931
224888388 186240603
53317979 679184347
851135154 90179622
143673475 412680716
282846924 435061161
231507342 281956939
435973774 652540479
168325091 316893464
854807975 968262186
553021662 835017300
444383081 747867270
955050847 737823826
773181427 243661970
839955848 914870367
497875733 812291915
363569729 242892410
507019459 907326899
884978616 886869968
755808999 16719530
925982779 830433081
50387542 532714937
225384903 135508424
811924433 828008680
513033831 922166295
801616077 278957558
394898374 845127649
254023993 261335967
251873427 97703047
822463077 748240518
752449126 534361218
686947904 532690831
642019761 799418130
366487793 648349946
172106961 205768485
940589298 280408330
206212325 57423173
968475644 984074403
106595902 125023816
155647019 241228807
194588555 673025009
507872517 694507203
43009415 955420088
41691197 503361677
701439057 291234583
638793900 519096796
419460177 59784039
186689428 376448354
23652547 821623991
836737999 55234856
580370779 538058371
638905202 750457358
995323643 966360768
503342310 836845012
452630925 213813510
291817196 598906803
401363393 707156874
778199975 665696101
553956187 129408350
238432357 854198303
4704633 379238416
628086064 581622370
904922987 2003842
958075744 668911003
811021888 379524519
386521035 858401706
820392694 168839919
1136377 509109799
293290251 657191275
637342218 282514197
647465986 172502778
780485725 599668975
110384589 795116221
145944627 322887082
152296110 806371568
943240192 639874685
232457017 852233010
713219345 900489298
132989008 77147053
856899649 939108400
449240012 257059100
245780670 402451140
702787981 102763508
659092593 380832435
193401967 546107936
665774119 582672547
910165940 773586193
167565798 648079711
953131760 210876540
534968920 692526943
687283878 306317638
45591922 546856421
881441307 808621899
628989009 581103334
447889531 26529043
944172894 43748965
340353957 9992257
661270177 927125341
404822386 770021406
756633870 445201271
308267196 138487947
531098180 667286414
820978912 428539143
136502038 281999846
674474057 476072408
212648043 350977943
538841039 643652142
520978827 256447720
964773980 942376371
288793078 674036508
930846662 489469408
287976329 752021695
898948327 572454269
284523039 197280657
168325135 331385724
126493229 384954591
905886996 708961297
739355345 82176343
983703523 553076081
739173800 978381507
165509745 80200296
320537166 377614572
464037485 324773734
520534930 423309811
580163042 69129652
18706620 186838396
221028724 963120086
483222305 81956697
571945343 178730480
379823301 965429228
933838316 127549073
264395521 339472785
484116689 682742362
672905753 848252837
383463819 297824609
374097917 745296495
736440228 463678773
866163661 712991711
613892803 849150277
374869799 952811455
336153471 809630070
376474031 269837839
719331181 328503313
618782741 947754189
564927531 891604041
132147392 380833924
284810875 597962653
643173233 610071819
878495038 756135894
892704513 379120060
892541559 957504821
252339078 106922930
833699369 818745014
38459015 142347238
219870816 251061819
621840708 774894375
227377895 97173508
27285552 878092725
715475704 589851728
350827541 753912396
238191882 555315290
312061582 877996253
24864253 167815615
306172226 848986332
632528290 745856069
946496045 67621840
891576848 87063622
271208146 535464979
720997158 911963616
482843790 159142052
229270368 964915178
35224542 72900346
923390681 955341324
984409619 586666539
110065083 129516541
680941301 862429324
240357144 279299244
515444769 387573051
625052687 862496980
824703124 592861428
562952355 519932002
12023905 641500592
1066125 643864317
468300890 460985996
976615635 976676850
236186532 710840676
654641369 117064771
66520854 192594613
888291977 783704682
141352405 939162156
255426047 831658063
288247701 514343026
554553119 525103248
206415201 64539825
732467059 433531497
782672835 801134253
756142818 677645093
41299777 3851804
48257842 127522186
648173261 916739867
287172648 242257778
976238895 328248406
148195731 42996879
704718569 597110311
585141293 733708344
66199874 504155116
980590736 645223684
470062053 355473657
746263289 67355789
996928604 335924443
208915680 219979010
983603581 75780882
59927174 612347442
512001255 698232656
633979879 190411601
719851109 715798884
936565325 983231170
139708661 114856239
37134930 854889369
12712998 410514845
193410644 70422950
160962613 184513379
544876021 728098682
956794671 988457742
753369459 694578735
280929743 86273523
137487451 504768009
262826346 26588715
822579247 337949543
211718605 38691221
550654248 176365694
170010216 67006129
487791277 392726160
590378123 552967861
695481022 616973012
