10000000 400
791559755 728793923
92037253 880096143
8427433 624970639
919700463 21453086
194307614 18931032
494247451 372482124
61387912 352841935
317275458 6622899
648068020 993901805
727090562 356208771
236083096 634624025
595529501 692789111
980738959 251376808
935744668 327137643
51021009 642836692
61802027 208337365
466821481 1628165
839364867 734230341
842740393 370489201
110843454 56574867
468979617 442825924
156779002 360570136
977211846 947818711
676934184 611051
56495796 434610822
313475742 732582790
200438277 632742350
810422403 877240516
356253863 467629424
89898722 150495144
134930963 483652594
413661817 204770496
17797500 120606929
414749594 871164391
595744474 198853032
809944205 467297370
689255573 481737462
692967188 417372737
979200488 414427081
110418468 222689043
76332939 625131668
281739210 531721302
420794746 477419294
285243011 20298329
70506366 794051985
616864379 318616217
854857975 218816389
924754797 610275514
196840336 595885936
70285941 247433175
336072978 263284382
890792173 504809120
200373837 949262703
589965871 664096933
602512545 989199435
104602457 663220451
348081060 257722397
184967239 449231937
660888868 236143391
550985560 840185510
98665051 584817767
310770817 396943928
407432286 770131147
95159460 681260749
655488071 855890613
277227322 84874088
869439952 176714481
578734093 990779244
831576611 616652685
530318044 196475306
445674725 824783058
146206829 844998862
629153224 349040242
636086591 132899136
809769440 412617489
915709142 914487615
92461882 566190760
234114794 706566893
794663023 937440199
499503033 565024552
166344260 989601559
502854319 152775112
771009002 166174905
203821156 940022587
352793725 942522683
544912846 363889073
265461026 683672882
658063015 827691361
508139895 207896092
241002016 928331574
217443705 937595690
295651287 860204304
932150638 236299912
941530373 203682720
939236035 180080862
780073727 326087416
178835601 527050075
563023622 703417445
508004493 225467042
503658755 813295403
838199675 397826403
692165523 287281379
636403001 517115907
691150581 329663467
869377237 873019796
819182060 642269854
29751762 754905608
341047780 276881818
946595304 86413324
846299594 391754686
316555019 547704015
373965232 675463591
414129312 33514517
437913438 323774132
866530428 198633688
69758718 547001257
63861133 415720833
18334584 727935657
783331848 997863816
782118442 720218664
603940168 860742077
392079386 965558865
630281356 640301646
78506796 267947600
277111666 916036156
612336757 966642818
807629551 701716135
56942665 637801434
266862972 553621353
309244521 641440253
273979855 210128598
347374790 879922361
42904078 86171650
297841432 298347387
703765280 478476430
844533427 768701511
671531101 964311087
147180300 140028280
282092790 126202923
316938674 697058090
820776706 620134261
581811497 474379500
701215389 101633700
103166176 786502348
339364592 662948715
390841226 579928005
825589599 116782678
186897727 911919832
72993858 964466998
77588742 375408257
993300542 530758787
114569920 44043294
926960008 936041664
458599550 887939542
746613687 402577135
525158129 524064780
586201412 297662983
367067079 626426476
589052016 706968322
772718839 442656077
609626281 557317812
18663581 231458517
642566398 97355201
252385207 500522840
250296159 376991256
506323040 570234737
708345236 397430910
502206169 114782800
922967270 998051810
248588962 569414268
315811982 408079789
201083053 517773522
675285697 905708686
356987118 800510982
317179738 212086484
297418819 637718705
433288506 210893134
471622621 927577636
984714756 32898208
699937444 404766280
891838095 667941654
445055367 370076826
294596646 637771939
359643826 208859644
98694918 495051381
961011570 641582389
358139169 311352321
936945571 256890512
398237071 107764032
105097657 356645453
360117530 373414696
216499550 888633249
359152287 999505370
328599212 795328322
73650387 138145542
498569020 64261657
921259693 371520926
377442499 844182979
553278366 378680798
457765620 937133108
855498504 224872101
589034267 467451607
515920205 297990758
988425568 436587055
776429322 649961869
852454539 374812555
997115613 452879183
463217699 473230257
74106182 755074280
172574011 112565267
454545468 647921592
372848757 660214930
841516725 905076882
951965332 87921308
299519209 564414257
107890983 532570398
185230145 326714744
745816150 20437767
832086547 337061794
630980170 530311901
367397391 833002158
872590952 886791941
770968135 148898605
492404568 465669167
768990353 156331370
492861338 908056057
817015620 175896044
859580104 962616519
875855058 752216922
540685844 833226829
97805986 665982640
599833397 418462788
434604289 36738095
406217700 114497099
251550325 850833433
970620351 11752256
506559852 364983089
804363332 776991465
694942922 20924325
321542839 743119254
884282687 647503196
468930121 882358900
590204870 529019656
970880634 864983725
709300294 403800893
541272000 325501694
947860782 942146578
890359994 699073477
327177618 540979041
69811530 800563424
277398826 53576753
633192725 821607288
574830324 830041359
233434636 294479792
665912269 182918707
179666863 821128813
633612024 499419263
339291900 235651345
976839835 502346559
953774176 80942588
859527993 920992853
642727423 746046764
939629459 365971516
840745146 475309626
106265007 788186759
733804752 246471318
943935771 238161272
498704509 922028147
330502774 204710395
454625577 496308083
984656532 878317361
865584485 321956012
786305973 905005392
157723020 471958716
973929326 620197987
68417961 887482320
781598777 177512516
774425374 496127146
739394595 141651827
893529989 285598086
218758477 371890190
156662951 631669162
79916331 308040643
634037576 15704117
222548707 845876351
726069401 617522304
760313589 190497864
132836683 7727720
389463681 971634651
177604044 598311921
91906009 108208378
631970634 697692151
444786717 864616129
806422343 935613342
889027701 386713136
463736588 624732268
813855267 834147717
290575006 96358780
673942028 631495035
579932084 206870340
996864933 877778261
522185811 489907132
767693802 817419698
671243340 776943450
699145515 604519207
758926347 213280884
562720837 575629693
111297377 431615513
412019309 661088644
349591819 329097618
199068375 137709616
692871997 88607591
108713261 541120151
792566608 310453858
232602390 500111727
6173220 334340188
623248606 328576447
282028420 854316851
77100634 104696608
325374921 337634351
97971809 561620449
910844644 12610856
4163006 746180191
132686533 487443693
585875197 86780356
326022722 378103059
825356039 963662886
328639583 924277454
540453665 750935254
431192983 998415484
493743094 908969625
925534020 170633307
370666562 725739582
272074975 520483469
35446997 90786365
52272161 674892648
406084080 173444861
599175984 153583542
76252637 946650921
436721903 129031591
683364266 690652144
667633895 708188931
638944666 253998219
773041399 618665472
167255111 460987625
553224524 775774827
287926615 671263218
345308059 968688983
225026295 105306017
99384159 75881342
373066631 977354100
127868109 331835583
871131280 588018587
803754529 344274697
322278063 253702886
741839604 117323232
320294203 626873045
394469881 536137258
256239057 808496619
169562955 475116735
677919403 427464278
56188395 297812205
75819181 413843056
92205689 862951205
234949468 579576390
117111667 546557223
353677188 53246605
619832950 218966880
662067737 805764675
298556555 658147607
774481886 655156418
965647747 744367235
185755440 436397555
363529506 676873852
444415935 941955479
778828782 101179428
716604191 717164025
992894459 659595690
569676877 459555078
59730677 558061072
436721312 159145207
53436018 879217420
979764397 300685607
646257675 219439077
923828995 538527847
726665437 829711705
57057053 390747668
799108914 461162436
468965754 943384644
811611719 551502480
451792967 856574387
404300069 12915359
511945327 291474136
722480549 652696504
394099713 514130420
788827031 302157873
171966989 314585730
15333555 385411352
939524517 312410557
536668797 946451123
