1000012341 400
846580774 376779176
119449172 758044568
71746587 70705427
430552563 284033019
79315691 670109747
481965709 581064071
453381439 990950986
528555866 572697188
989259359 109786938
135179607 420627391
344497211 769574973
612914473 513812777
293424153 762274117
686490297 854941395
565004731 958358646
656821971 651962560
512489429 376862851
64716613 934605192
771450175 770816341
282320829 744045426
851843050 416063272
861650809 894584406
380553770 229070885
646029719 830910805
646842747 465177448
235510471 388230500
151333152 714873005
754520624 227411396
662982541 213745943
549863278 700413226
462561256 227323854
581940973 882578239
308543759 179280199
703845787 646525465
477584421 279810520
778231229 143269166
557596136 206691780
908930289 402407898
430987179 87021600
276687581 711883082
381979471 613932532
326200725 923714166
176515196 931875272
353503268 876293087
761846871 981419044
537850155 705804320
723823437 964442632
202088771 317502989
46133758 44620525
585612780 723379265
475857982 671542230
164820766 797034023
596647101 24092153
602749593 621858025
672386175 612872317
357737939 244731439
884838550 364693127
622293721 427963968
684212879 426385750
766497898 782136602
804849434 913799380
23805726 575134620
790960110 609830390
545190603 216114661
739210413 987829439
653127515 51330295
475622123 964938597
837506741 574633268
886775509 45916806
275076424 678598748
868114163 743722766
14739871 587741800
501856977 823815944
972690080 231575401
297087475 10055167
402704138 91454893
515107649 217550186
178520841 764159595
82111105 779525097
146005190 509911170
960543435 242638571
214273714 949348378
749155297 118727500
198793247 715509484
904853680 290454740
788928707 61453892
586154665 388077716
981589498 112144294
546214220 184419602
37105814 734992054
911148899 537407652
54940975 882206072
286742971 762579221
292188526 505110640
933097793 730033146
455056369 28387807
300234133 581133525
388225205 23550828
362930085 914535705
863317789 534898463
139721753 551411748
250309109 993036842
739533178 696010445
660896131 932075142
763668021 794064893
235589366 493144023
638201777 720378909
644137289 316763638
783129648 405177238
929402198 549125098
877895378 368337413
40609161 464364324
901702811 322675406
812289961 796754450
810848140 673861554
48227705 452750961
755980799 857984458
180199990 550802404
603391255 483261774
387333659 53060112
268185806 497256224
467365079 292968048
551228910 132334920
469788930 586679580
537638185 713931290
716088973 472903489
872404377 586077455
868454707 220658474
15148725 336314243
799101258 822970725
454829541 80558416
943816662 540213966
750666617 290498101
347586370 293438281
990979014 905487354
627937554 359622125
964684092 383410801
523739112 580078829
676527187 548006381
862372705 771717657
477147694 637366334
889539774 754804281
243526170 954915918
94859675 682999012
346147914 675772595
939267839 955361763
35062786 686555836
596440720 889178888
473911424 784689409
468255381 40451937
448303724 872905604
563136586 710012657
539452172 547936814
732640211 200140249
41345891 192253279
607729197 839392779
37138941 346697444
507299125 625957890
921850287 977946854
507657772 790066361
755214463 667264961
92340330 981281209
984752181 456723606
453532781 585123694
722567499 624321823
941152618 123283621
429453904 435160504
197099010 585095797
674485762 381747209
373227960 94956602
238123209 35391541
944982687 140654962
922339179 439069988
425773439 183417945
651046322 641704150
725215996 764503837
75814274 953116048
158382782 245916936
795637269 239571655
255910043 589933014
366760693 879615913
658481860 694608491
318512125 108351651
167841684 198999398
626850035 202988513
34387978 623599160
262765672 290254170
444816179 451484973
923719881 811471877
554398483 252931095
712018706 951378862
29702172 386703587
997089078 770755243
21282950 105317434
759428472 23776522
355449441 53862010
38599408 354424821
110646438 719948874
113695466 923534541
957303791 482994150
577490407 831191196
250569252 973205317
88760737 226512672
447759438 441031
872695884 96547707
352735646 279957029
17202790 315439309
537757353 559470984
368137804 897894639
452123318 26516471
237740768 598976004
379631354 811573587
659643261 768355803
581480998 542122567
659391703 604748683
339282377 879929195
917716366 750658511
445235743 793345130
563905870 883587631
192327111 751416011
538386171 261614840
604105651 528049889
764814039 412007521
886201553 586662938
39335896 641533182
561975100 783678547
304553009 803226525
182628963 753617453
817223540 3767957
120886473 955202583
762705145 175756812
143568814 882167991
132851980 166374312
275826917 920608760
902695793 298343111
697843599 538299918
899485548 654732502
902797057 541935959
506505330 646049676
389315948 965454513
481905670 476068793
914172078 471156661
567083016 621174678
6623194 777311337
847410932 335587965
128626339 16362411
491382998 613960962
360223673 251028548
93635386 733374181
756364250 17371889
393688745 84129952
298352802 735960097
759585563 346646208
879624674 520101350
846576559 407603050
682646731 934276184
915818236 52475088
985657576 529447737
531180879 797559747
116309738 809606758
179346019 162214803
895239560 410993353
402581270 786665449
262261421 517412031
961235296 750524054
106962128 263610625
44913634 313006425
534148818 502219162
912030382 929759489
507459442 973459103
655581278 493187885
281664779 556200776
593015398 250179185
391365093 920973459
589354614 59494097
703495765 791765219
562248882 540606546
342682348 434053772
113142104 566935480
379540206 817998923
978981393 75235724
696297543 800009685
808028042 239875924
4020635 756797651
767651079 995021988
560039297 732249696
710900205 969607539
928750486 929140294
80830538 540064998
256519823 155569600
726166175 303656189
404271979 129073336
644280180 194418259
46894473 161552876
647645843 854632805
419162354 252475020
705782020 782500448
388246543 11708356
69465555 656298948
799395427 159883457
83220534 150913706
75796411 778668709
214488587 900447014
91689045 645265287
722773609 275723420
551208804 156551130
483117488 548492487
19513120 421933720
195844838 744269357
146325077 356888567
729628331 802874265
154871862 488589818
613546397 175381465
624125543 385664372
396412250 380058256
499508603 821240482
832224030 386947634
305187277 146588893
656880272 735784159
751077456 193601835
440957201 676380419
524002270 117526251
170554107 341113459
634846935 551036147
273524385 224509074
374620390 992092260
306489289 140956254
738222085 983922579
933159431 42109001
271198782 579002123
452364536 885947548
378324945 78256793
326511436 925546386
466578147 154124534
820052284 228118679
760418156 790434327
858270580 555750558
382115335 464604741
677517961 577188630
66509460 134572618
140095665 348391017
188967285 854935786
92910824 60717031
159739411 996368406
816551005 79543411
675899148 166460286
338035136 778825049
293106837 684328132
708688656 438827005
438237815 793481201
462059381 115019015
347274222 332534084
33841024 914937062
869176485 665850259
544602958 803569508
146047396 779992905
944094073 534270665
924386458 428352615
855567759 428233449
681555141 309155036
797603284 543055846
69433222 657407206
383219555 616177670
264600930 729988311
505266796 386764739
828556714 806170426
284011639 334689207
872240482 462237804
994889839 840438824
416014703 833070575
57527119 323158826
588442997 124446092
681511816 948218672
56636578 341104125
444006895 548979655
980884986 532295020
142112685 284484106
664580827 905305549
953716600 467228494
899261271 208861435
493899164 87326145
923925211 646977260
582129067 758659402
540622288 36223815
209708767 648196503
114275624 52942167
762533295 943503911
528652919 70040938
7432425 396924168
162285602 711285219
737403852 112175461
705101966 725328647
319267649 792458276
754267752 695491977
308642739 42622486
325304923 306340705
566735852 4154488
524655732 383612525
732182786 525226573
439714359 179113673
