1000000000000000000 400
606198357 9925234
607356611 30504202
448275416 776381334
806632151 85429027
391625941 281930407
45916121 618962261
308227945 444162800
639228228 470344940
420290106 560455339
41749802 67831866
153968729 82178563
255385736 622775750
853688028 560309693
197262244 114483728
538677302 582886242
931491257 886910970
709604236 897879051
984459601 177348034
177526068 41430204
540462964 188554430
691351140 202917426
346671553 48510380
473547963 16507849
776031839 112083912
975863916 161401286
147899219 937524117
906632734 65478939
337775831 316950374
219641968 511149025
395206227 939920028
875939864 556860889
782930030 215185237
24737233 505115768
398027274 313200009
537553462 981282969
456857293 402988776
562575045 656493807
613629128 261197420
450799513 438427430
135578338 362366786
698485479 620205429
767175648 245776757
349963403 94930235
180796996 828886493
46452355 467362303
539112196 78420054
594868075 734101669
251233922 255511273
637554777 838574914
431768818 995549020
713609175 683758692
553681082 815363186
823861722 893735427
851305755 637842151
634070046 751605277
383251532 207761018
363542450 258310063
493451241 863129285
173354399 532998555
453989547 734271862
520904192 582709508
979373072 253183271
523294854 960382737
303642485 670139803
997876447 994890428
966360217 313105012
180510542 455396584
452234021 965230289
149003303 163826184
185907893 680321426
129926190 703694603
67621275 675327701
637017152 935473801
371796584 791538941
874656760 601065517
753398041 701271205
872089503 322852369
161974945 222513814
811237263 942715546
983892692 925638779
264975556 786023043
216915966 855325260
877862968 376945693
695350602 44887659
513976030 624217922
904914799 207520897
27948572 604138538
275143660 392294261
429036079 262423200
192128237 694139771
383569792 923445652
147376682 867265543
2380790 850922984
855039190 908760879
440074521 812501692
751579773 475969600
407700361 761409577
787981149 760574400
144976852 543536783
739013660 14980430
561976191 526767005
186014586 26094080
854592222 790194689
619745464 42893532
71349113 352575276
127214549 826391212
698666057 93638161
236278558 13146638
743005212 153750598
840938277 732359141
943125990 930222287
226728265 62492613
440615426 231765001
41612304 905385827
584853670 154227921
248849598 56167451
993669217 363276823
631338691 665414304
653453288 605300172
711004580 582896863
265585517 899372015
790606535 895946092
448157982 468993173
699388957 464682253
556529288 447328218
58597645 204283800
870430472 656883610
645956465 665775468
337823753 285192922
579362784 12131394
947120001 343427160
985642037 920395314
32518452 191400284
584073013 913429007
77493742 317045093
468838585 397221374
612028308 892642831
137599199 23680383
118130836 837386166
358972851 901720910
825222856 884246314
370237374 259291832
128457305 900047389
330388335 569875517
120527595 291347217
708407968 639578712
23999987 428304610
733178884 381419137
191539624 35720430
951756935 957465
335958641 895374824
279113800 598151837
237708579 402770532
345653741 305855623
486499532 123513635
250261828 905526719
225092693 63130879
999548709 498552518
664790041 50362296
551322034 19715750
892383768 778950135
782357929 680129301
147422220 24632369
15314594 759533850
650972766 944247570
691634335 697682328
532235238 756178328
843172411 361965386
384306178 553437776
854501197 420152769
298747923 131534572
486849228 36641660
631631973 716688856
754894073 235708785
385711587 283381634
583517494 568751543
281964664 656188721
304766326 915306535
449909201 203883682
182156327 859287303
668614022 971440770
669970410 270015654
551744540 730533924
436802930 884095077
356543812 526422810
625213770 305767532
332137566 848244241
898105608 404097776
656944944 726023851
108633373 562359302
314454791 701281841
372564750 942606408
551772753 136462265
836250609 279207065
408873836 355666868
150212064 272504617
86511324 708569669
56273155 244639226
559628140 174827223
42356224 842704291
200049021 147212935
233539349 972112665
589005786 798144728
478115765 934419849
831733254 600492987
581511657 349178478
601754517 266653281
25869366 985475264
135562097 764810751
524061431 940332303
572517843 823108154
230642597 487003410
977364517 401056162
815944679 723798250
964965111 585940653
787882500 197725405
33460588 588279820
569969103 204511515
229924054 257523615
187974263 263610573
805518197 774494387
83075833 581084908
836998756 62358397
678574510 601866038
966986130 306259430
495240321 68536717
288666764 431690767
52649859 245589095
949599228 702069244
723136559 102283250
587518706 594810820
340440822 282969123
600101770 324366388
949493367 130005458
934336149 120136354
850966634 873627441
230944936 193237541
826003319 637760982
82535155 718564273
223809780 504587209
595870319 216528313
455737609 381039864
219441694 541521545
794679954 258568119
162237797 815900430
768850078 701041355
63057131 247692747
246420240 678925856
975243027 178438744
413101261 63379891
622363610 123215767
445259250 557563479
699172144 694266090
491929378 965015649
36233640 714793385
979774598 453318916
259239835 210507504
806547272 477200554
891781030 620338369
556775004 789247829
833030605 744450865
901143471 241881033
945053396 770239796
423682793 691955246
469875905 720936840
132847624 437277421
6970977 999377759
521223300 146383295
448751992 686351250
599462746 319566304
861187456 40789499
899940537 996634268
402666555 151508814
801738326 30521185
604466423 248985504
828038975 806991471
497298120 519431198
537282159 866812979
483107339 714734009
60500286 346690590
577072256 597453687
204761043 54970094
788970459 592133620
293449157 473069212
906160709 80853880
79326533 31459098
806307569 431500380
193895109 267799407
348832888 421002548
40878492 749317823
645021556 676465187
510710704 813870953
756504386 959258185
280129715 852171542
841510265 222216533
403272712 525669245
35141493 59123462
677873029 916920687
37000735 803294292
108149565 265165501
736590041 735840518
833118610 706632244
104283521 254282341
806708193 796393706
515524192 316059156
645643843 494128638
387781526 479529285
750525304 669311589
803490366 919535903
43401279 443369593
434939747 669870649
724912203 897130175
324848268 670244171
849561527 575480944
280536617 934412301
328430542 355928784
123459816 221369774
308495891 200884899
673646375 467011880
648000191 13664924
316250351 275898944
970749941 277795597
698289036 622021183
814058285 261891230
334237025 920949756
1999978 928607969
776345033 683835027
126397299 289646861
356976702 471755444
338552416 782651821
656074789 900350118
236638953 538305061
410351327 915161041
217532742 254602708
141437691 50104457
888272628 531037201
94540528 10635103
612585403 177654200
96243781 609788949
226456935 150460667
449931339 668463137
109892897 990522753
591706123 910729610
712647120 212690316
358522070 774420702
757648931 895106762
561812224 247749181
794868962 877901199
329827500 130876291
48227101 930898800
383173664 470991089
851293536 332572921
455803122 617488106
947906742 644849881
951329100 825418336
451636621 405072838
384625656 953302113
409948341 98079231
624440349 924926581
720425648 740271206
621155152 507619191
57488511 197930770
387684677 750410598
380620751 97067569
951943105 349239609
647619273 187613346
201629339 365951754
933333626 930211496
606801425 224833530
489717078 514398462
83557674 851368056
734539757 278156082
705497930 23647635
200147929 461292860
898911829 914041208
199552028 443793640
22216330 792272654
405352404 103284836
241202201 623090485
122907352 875075616
762232557 430115757
949853225 997273215
39702693 42816565
982965894 502444789
398864689 680396574
592438860 545914262
266963063 187014113
518024651 781625746
49666881 92006303
237346960 713829747
670084246 880477762
820106615 50848614
994025697 407899381
960052103 754919836
161487013 843562933
637665573 225475459
974558714 893893267
236915827 987042722
556545238 504904051
281036709 238227361
