142 400
98627 50502
92610 44300
49410 45941
89508 50351
41314 77088
16068 91491
26303 44998
46623 86154
84015 41296
2313 81223
76303 17007
53850 47688
18060 94553
5476 93120
7269 96627
24889 9413
518 15885
75802 40475
60582 81522
36450 29313
10034 53032
23950 52968
342 12010
40099 94836
54282 83632
54075 52592
86842 69358
97398 89449
53571 84140
67866 33631
584 89493
24493 70688
75619 20404
90098 24414
60106 29384
18421 25043
80125 25078
41635 92601
87179 77022
97718 80937
91976 59421
77776 70142
88444 8956
2269 11731
73362 61791
21083 96862
89494 46358
37826 32842
32582 4414
25192 22415
51374 72058
21406 95318
39035 61935
52238 10511
19573 12468
60388 21227
67818 10216
57734 98577
17801 55268
52409 6826
65628 57633
42647 56815
90159 39354
72018 43409
46479 72093
20470 93901
51836 56629
62511 951
17225 14945
97569 69425
79960 73948
10579 35090
6097 44092
47827 90192
47219 78726
87654 48477
79496 18865
94171 23773
23890 26150
16305 93925
7800 45770
97676 79889
90369 31382
669 37363
7689 99971
47564 82420
258 27044
67916 70702
1754 1639
64718 21390
31314 49761
32860 31970
70406 77407
78573 9226
47217 84636
54765 29526
59960 83735
50228 12210
34744 37641
66718 54158
4661 75263
54516 25586
75161 82467
4847 51558
1986 1492
17225 91344
80201 45002
51180 23069
11192 61673
38897 78592
59826 82244
12958 84961
93631 59824
71378 19008
25512 16464
95708 4315
61683 28500
49295 3286
60411 45044
54961 32821
41886 45219
67725 50608
94579 3970
53068 70446
82166 3116
66109 42367
62551 58367
68970 97644
66302 84519
26584 94495
67687 8707
17257 29868
16337 59986
44557 44412
43157 50326
66613 31559
80337 97304
96729 61414
55073 46358
87721 90712
58565 66758
22656 98479
91340 82463
83715 97068
49409 97189
16242 15789
64436 95069
61576 85952
21569 44230
26903 94076
82083 78487
20928 56828
55940 43652
41037 32849
97958 10124
58563 83949
17023 38927
58791 79710
77997 29152
63226 15558
62904 64491
63804 76931
43891 66921
24093 44726
35321 39474
82102 27356
6904 58547
28389 43798
3383 28944
56117 87293
15585 64043
29586 864
27669 30875
65059 9960
1355 38722
95487 70917
94412 40176
14362 74999
99935 15375
89614 71910
83213 73615
38236 84943
65578 69427
13657 21842
3228 80798
65781 2607
11849 87827
58926 2292
97564 40933
97698 16211
2251 55581
5820 52179
43371 19385
27990 70390
98758 54950
45022 69653
24624 6291
15812 59865
45805 78730
20776 29224
84182 91369
76323 78699
5272 37685
25206 1064
45116 38880
19291 93863
6633 58834
75121 81991
93310 52002
59842 26480
86432 29852
80455 45540
65561 10479
61949 13894
88414 73887
61953 55411
21885 51791
17742 53062
6156 68012
94665 4391
48568 90184
43106 38648
86954 48288
19388 12657
71459 41864
47191 4266
2208 55821
89868 52573
13753 81634
69127 77285
40687 40663
15503 15970
24265 98462
65512 87450
47072 55525
4480 51703
50839 54182
47982 70079
29919 17998
77399 44333
36587 21769
87007 95136
2669 33182
72640 55960
97328 44221
599 66520
63298 70019
61954 61551
60678 78509
85369 92406
58319 12040
734 66517
28125 64485
39846 39765
26933 66484
24043 7269
92414 88796
79396 3562
53748 70350
98263 19339
83426 79301
42628 52413
4798 12022
41474 80487
52068 32355
2462 4134
36746 13410
51560 96381
50567 37583
21362 31706
83185 45664
34089 56728
3462 21493
92158 51393
7504 91506
49325 72192
57230 25001
8991 84718
48651 65351
15083 67755
35318 43191
9050 57868
49986 8190
90935 59731
807 29607
37094 67869
84569 54975
58477 54587
79570 83642
99488 1915
58539 664
44529 92751
44278 75925
85567 7074
2569 88819
81557 12450
18145 90567
56845 79499
26907 69147
75001 57080
33759 19262
4561 29289
99084 43444
26227 8468
90061 14113
99792 56393
7390 25250
21938 36810
18770 40862
60524 67816
84542 48611
40655 84807
88969 84705
40512 91395
78079 69614
24814 32098
37572 18832
86614 90150
60659 5556
24091 9702
47274 64984
73962 65984
78309 12169
96765 38216
64948 64915
76499 89247
7027 90239
32787 2363
66736 36543
98864 58644
46471 78716
48048 39677
34959 10519
86490 75692
67532 98209
19263 82482
43920 56959
25750 91008
15344 79986
40857 63912
21366 60975
63120 58863
65098 69640
37814 66698
73008 96887
65613 8083
57733 27171
95281 14936
76819 54468
65912 76123
60760 36681
65304 65800
52617 14776
2187 37160
58666 558
44005 41932
93425 74128
33249 30543
64114 67074
98838 8724
72325 53863
77609 55119
7556 59921
74335 52042
43099 97446
1860 22871
28445 42830
22849 52382
19734 37522
1710 90321
69055 15195
41067 60718
588 91374
30493 79531
54521 15228
21377 71982
24299 91537
15330 29736
37872 31649
91440 23106
31734 84260
5127 95543
41604 43356
78109 45317
54465 14351
39568 25205
5869 18298
41750 24961
16863 53271
97004 56989
98946 60471
36945 77299
60644 21464
68135 86898
42914 79598
72847 29192
92126 26324
24650 88494
57052 95076
54999 96902
