128 400
72449 491488600
653498 474444743
904203 469943626
1499057 461311367
1814375 457443167
2491230 450149978
3878592 437842544
4083632 436227305
4451148 433431723
4872147 430369475
6469804 419825528
7603033 413136729
7982396 411013044
9136446 404852894
9938222 400805975
10125900 399883237
10372239 398685362
10919070 396077699
11829989 391879508
12836738 387430213
13569155 384306294
14660369 379810801
17951056 367226447
22581819 351433916
25140767 343447421
29550583 330656128
30165272 328958109
59061938 264259409
70645155 243768820
75925671 235120850
79684584 229195731
81396969 226556216
88522092 215947307
90039824 213761193
91329325 211923134
95615712 205936490
100454245 199395292
110160458 186910345
111647751 185067418
123957523 170466912
127818523 166112371
128978786 164823539
140067262 152943197
143642239 149273402
148599606 144306644
152574485 140423148
154731164 138351785
167360850 126702268
169756416 124581333
175171713 119886090
179921062 115878308
181537213 114537351
188491489 108895860
195026724 103778722
197921847 101567082
199703043 100222889
204452467 96699050
218992784 86436287
223890252 83150618
225759702 81918357
229725150 79343957
233740749 76790817
239703093 73097762
240900019 72370253
248818425 67671633
255934404 63614866
256435994 63334710
263434004 59504222
273346092 54322980
279298438 51345544
281983426 50034697
283294203 49401955
283512080 49297236
283771884 49172536
292607138 45040440
297487172 42847339
303603212 40186666
303686289 40151191
324627789 31764388
325386303 31480996
329295837 30042460
334000963 28359967
337963498 26983962
348142636 23618491
351596395 22531288
354333111 21689266
357880857 20623165
359075699 20270553
360134587 19960765
371808981 16712236
377310772 15286317
396579062 10812807
404376075 9229111
419555031 6513822
424815342 5685052
437545134 3915944
457913956 1774383
458496417 1725524
463775759 1313921
463951238 1301206
464659095 1250543
465495476 1191982
477833653 491588
485429327 212349
492411685 57585
513114278 172013
515875517 252095
524938971 622339
531681789 1004745
568366073 4695972
570673100 5019886
576693734 5916939
585414281 7349616
588713704 7933054
589778117 8126144
603146061 10754775
615795544 13593388
619016358 14371431
620571410 14755180
627027718 16405170
629529829 17069339
633204629 18069998
637215283 19196541
647748017 22328017
647882240 22369554
649597911 22904134
661778630 26895704
678997590 33138283
687596595 36526680
697926192 40842921
702628907 42898779
706351301 44567084
710619132 46524994
726631775 54311725
733853099 58058004
735706248 59043579
741022407 61926719
744228542 63706040
745661267 64511146
758515373 72016587
759774128 72779445
774774521 82269270
785863271 89777877
794861394 96197129
795520815 96679472
803384175 102560643
806006364 104576043
816324087 112780331
823691225 118917343
827434368 122128680
829367789 123812733
854215603 147110065
856390933 149307110
859891459 152900393
859988351 153000883
865672185 158995816
873234134 167289494
875894662 170298312
878464881 173251881
883675720 179386617
894724765 193092261
899951646 199935539
907557282 210350105
915281987 221538385
916303834 223068389
917677762 225144971
921240749 230637361
929264003 243616663
935818391 254923828
937915538 258691108
947406696 276779820
950617430 283334517
956227089 295410549
957376169 297992477
957549570 298385540
959795450 303561348
959935758 303890086
972496968 336456075
979744038 359125383
981352057 364721780
982696039 369598568
986672456 385326897
988172775 391891994
988488861 393329330
991332210 407303406
994212294 424143502
995833510 435586258
996155595 438116032
998809188 465512410
998821615 465692619
999619857 480506451
999952550 493111778
999822371 513326543
999640613 518954082
999399190 524504060
999391620 524657838
999004746 531531934
996962932 555025844
993685434 579212950
989926472 599860160
989529949 601786188
989291817 602924815
988741579 605506723
987507772 611068321
986732110 614419632
985499767 619540687
983949958 625667965
982642145 630600764
982056860 632744806
981411042 635068159
979076919 643126885
977548864 648145475
976231085 652328438
975434429 654796975
973984834 659180328
973536611 660508808
972982791 662133523
972907044 662354326
968826882 673785369
968203040 675459148
967906733 676247803
965671043 682072731
963366636 687859948
960656116 694411785
957710472 701248909
955649256 705873153
953719477 710091969
953358323 710870173
952917887 711814511
951135659 715584361
951052744 715757784
948909464 720182407
945144775 727697450
933657449 748879923
932481531 750917765
931260097 753011321
929134348 756600294
926357568 761188100
913274747 781432021
912205823 782995333
911732128 783684075
911240795 784395865
910052908 786105945
908013243 789007254
905431114 792618542
894017699 807814964
887934471 815447056
877239747 828161808
872034811 834051042
851036723 856052269
837025226 869342654
833204980 872792758
826265894 878880675
816313242 887228528
803455264 897385080
802013989 898481555
801973257 898512423
784659493 911058356
775872559 917006392
775647668 917155082
773657563 918463305
762738042 925404185
762659339 925452783
761499091 926166898
761118145 926400414
742522669 937244502
738424824 939492438
733421251 942170237
725396226 946314397
719671267 949159809
704652592 956198768
702559138 957132142
699538694 958458623
674469883 968572576
664730770 972084498
655364832 975249165
643983440 978820184
633567158 981829652
622722685 984705211
617458849 986007632
616851538 986154006
600424683 989811068
596494084 990600541
595227162 990848029
588723914 992065104
586276218 992500166
583072014 993050748
581054014 993386508
580988658 993397240
577746144 993918553
555523621 996907564
531385930 999013951
530733904 999054533
522592187 999489332
508962910 999919659
499949718 999999997
499601213 999999840
493356695 999955864
491952114 999935227
489096220 999881093
482640154 999698544
471260941 999173383
458933780 998310711
451489780 997641194
431456485 995279503
429302140 994976577
426288573 994536778
422897710 994019470
422141629 993900874
419195199 993427384
412904625 992355964
408849471 991621379
404336883 990763250
399696788 989835958
386576535 986965211
384057578 986371622
381625698 985785471
376252573 984444604
363398315 980978149
359478780 979847670
345956936 975679235
343185527 974772810
334760100 971906532
322652053 967490861
322497169 967432075
305344142 960553033
299960442 958240303
289895967 953713891
278461239 948241650
277693213 947861242
269230638 943560031
268705783 943286572
260560971 938940715
259285335 938242456
256549297 936728468
250126365 933085634
247973403 931836305
247492203 931555109
223594609 916653405
222601588 915992934
218755356 913402286
218539898 913255624
217823079 912766502
206531200 904816086
203603163 902677184
201438677 901074976
190333214 892563984
184131023 887591008
179169995 883494600
176358660 881125022
172068501 877439971
166809140 872805379
161626289 868107636
159178464 865842426
148173855 855272239
130018645 836323947
126259858 832141997
124311752 829936874
114806497 818788276
113750080 817507479
86958509 781774248
82218979 774698050
78751017 769349762
68093955 751907063
65949430 748193681
62297529 741695154
62041654 741231191
61594084 740416832
60574340 738547877
60489035 738390671
54965334 727912585
51965692 721957787
51724070 721469390
50721610 719428640
39970134 695889057
39189307 694045111
33066522 678810312
32202475 676537464
28430497 666199290
27206969 662686047
22348973 647815754
21573151 645285068
21149957 643884107
19016529 636582945
18580059 635036444
14604479 619963281
14508183 619572972
14262411 618570632
12792344 612377488
12226378 609894921
9104180 594980492
8375795 591135292
7003522 583393486
6370034 579557883
5464711 573721424
3748517 561110280
3681096 560560270
2267856 547567989
527348 522958015
378939 519462675
