112389123 400
11746 496572707
44010 493366069
135596 488356203
1382973 462837371
1594879 460095918
2417874 450887591
6116772 422029763
6504141 419614440
6587129 419106618
7409315 414242100
7663842 412792731
8483413 408286068
9627384 402354223
13271106 385566682
16257334 373536432
17056508 370518018
18374654 365698001
19171687 362871832
21290843 355647847
23500173 348514307
23717886 347831183
23847495 347426108
25581671 342116341
38814777 306846716
41277399 301068915
46857628 288666161
47591368 287099952
49381846 283336021
53619537 274734640
53775262 274426323
57254718 267671320
57945808 266359053
58040631 266179733
59319127 263778983
60123452 262284574
64311877 254692316
65835976 252004837
69711505 245339812
71154045 242918015
73562491 238942436
74529199 237369845
75631299 235592726
83682476 223088968
86582408 218777855
87871865 216891538
93046109 209502959
97246402 203707004
100434328 199421766
100927983 198766658
110454638 186544402
117034010 178539191
121848708 172889008
124904492 169389413
133186525 160223786
151653382 141315411
152048664 140931945
152311397 140677532
164858630 128947089
169922262 124435508
171993529 122625179
174329709 120607245
179994053 115817499
196552863 102608712
206233945 95399573
211798137 91417466
216895844 87868908
218070887 87064199
218974362 86448804
221451767 84776105
229718958 79347936
235422007 75737715
236226005 75237384
236303045 75189552
252179533 65736236
259653045 61555771
266176180 58042511
273412686 54289119
280388797 50810819
282857485 49612246
284269218 48934339
302875115 40498335
311763343 36786268
316636661 34835635
327774406 30597885
328105232 30476636
333641690 28486572
337831622 27029158
344682599 24735331
350942127 22735135
352569893 22229800
360470772 19862941
362284027 19339713
389609838 12338219
399000934 10307046
409917426 8181812
420574366 6348737
435651132 4158066
439351938 3691816
462248343 1427224
466058927 1153326
466586420 1117716
476602330 547750
505810578 33763
515625752 244223
548668548 2374264
556662705 3221037
562362778 3904360
571116713 5083428
580700243 6555503
584345707 7165543
607593885 11713653
608163697 11839560
612733025 12874487
614402504 13263863
620467917 14729476
628924797 16907465
640920030 20269299
642232884 20656901
653482238 24139513
675895350 31960658
679186833 33210884
687636212 36542718
693687664 39038950
693915687 39134828
696256612 40126819
720809781 51398795
732322575 57251514
735784761 59085556
767196804 77382125
771153748 79909956
779898239 85684932
782093279 87176331
785383175 89443739
788501873 91629250
795953706 96997017
801396350 101051081
805230083 103976520
810718091 108267607
814965397 111674365
817203787 113500637
831328622 125538595
833990003 127910390
851856169 144757497
856023614 148934214
856410179 149326670
863467678 156647052
865171961 158460194
867142869 160579739
868837198 162421681
882253548 177692345
888214404 184897515
888438432 185173723
890779488 188084320
893548747 191585695
899807850 199743971
901025614 201372378
901753777 202352721
908507854 211692295
916625792 223552990
918768461 226809635
920333429 229223693
920827355 229991968
922338337 232361571
923995179 234994173
924360973 235580325
929552151 244099728
932649955 249372754
935913058 255092250
936063136 255359567
939879458 262289962
939964065 262446593
941474356 265265272
942962469 268085681
943094749 268338515
945528448 273054187
951142577 284430115
951623997 285440533
961741348 308179961
962496522 310007982
964114143 313994456
964961724 316123426
965208209 316747926
972763141 337227114
972975429 337845002
973491770 339358962
973961663 340750692
975105596 344196686
976686900 349104013
978490060 354923253
980312028 361074282
986949019 386507037
992812486 415526021
997236330 447502078
998303331 458844324
999978991 504583431
999926871 508551202
999640354 518960921
998985110 531841157
998406444 539887542
997749496 547386057
996568646 558477170
994841499 571637212
993775017 578652602
993495391 580388424
992962557 583593759
991713757 590650872
990455231 597229963
989232442 603206671
989051338 604061466
988526553 606497917
986476881 615499973
985202037 620743459
984538361 623379805
982861006 629789247
982380532 631563754
981680962 634102386
980439006 638485961
979446661 641883397
977327623 648856775
976586746 651212012
972971932 662165196
969927601 670786562
968714376 674088580
968686680 674163130
966838187 679058947
962770387 689323978
960274717 695313042
956882044 703122617
938789223 739716536
935027372 746477554
930892471 753636901
930077749 755015939
925691915 762271602
924683886 763900732
923074665 766472939
919772936 771644402
918919511 772958682
918254451 773976666
918063164 774268464
916889976 776048450
912959918 781893783
905327340 792762270
900073466 799902020
899306353 800922641
895477436 805937243
893864680 808010736
891013071 811622813
888257076 815049904
878605389 826585301
875608363 830027812
870315193 835956332
865958314 840697097
864804883 841931860
861559117 845362135
857941554 849110073
854729316 852373540
838571607 867925626
833287298 872719165
819719490 884420924
801498947 898871388
800151147 899886594
799408727 900442772
793571788 904741405
789429807 907713608
784120767 911430904
784108987 911439039
769253253 921310675
765507722 923681070
760230674 926942614
754915684 930137180
751905901 931906722
744801181 935972913
735041942 941310871
733609568 942070774
705657663 955746558
701039829 957802344
677667582 967369479
656013675 975036559
649956067 976983414
649101945 977251097
634395539 981599251
631902597 982287989
617413201 986018662
598046282 990292694
597303626 990440622
594729370 990944341
586491778 992462356
584122007 992872689
579968663 993563585
576381112 994131486
572053573 994781045
565535072 995686548
564545234 995816410
560260600 996355376
559435495 996454853
556074963 996845648
554048083 997070221
552626478 997222740
551901064 997298984
543203688 998129944
541067581 998310599
535337488 998749698
534304606 998821805
522806222 999479605
515840451 999749017
498798275 999998555
492608032 999945355
491354706 999925253
474247022 999336343
461512585 998516518
456563218 998109672
449851647 997478786
448872982 997379159
446475557 997126879
445498360 997020694
443147229 996757247
436607993 995965173
434552360 995698100
417345056 993120837
400220434 989942892
372178016 983385498
353809807 978151051
353579442 978080558
346361074 975809920
343208270 974780321
332056482 970951138
329844169 970156349
327445222 969281204
326091548 968781239
308282677 961784006
301688447 958990771
297421452 957123541
296275181 956613839
282603739 950265328
278527013 948274153
276541801 947287864
274896835 946462277
254795599 935746258
243993784 929489019
236866773 925159858
228022838 919557413
218575609 913279944
216291221 911715106
208429182 906185251
192881462 894560773
186799261 889750301
186077831 889169464
171995852 877376839
169333071 875045840
158715675 865410740
157050452 863848330
152510230 859514756
142568910 849632687
134820166 841531388
134559224 841252164
131212510 837632621
128397455 834531835
124288721 829910646
118727791 823467931
117253967 821722667
110327487 813297515
93170300 790670940
89251750 785106779
87715332 782880456
81123371 773024486
74995084 763383411
71008154 756838464
70554906 756079893
63084358 743114627
62755932 742523452
60810262 738981954
60802366 738967443
59930252 737357573
58666125 734998748
49068598 716011276
45527328 708457646
45400020 708179870
44630417 706491025
42403644 701508250
36369492 687207779
33870190 680894998
31480435 674612191
29484616 669160497
26162549 659618515
25937085 658947643
14074079 617796435
11464976 606459056
8635398 592524746
6920077 582898673
6651840 581287105
6253994 578834524
5966257 577010786
4886597 569733192
4741753 568696936
2907077 553838897
2684478 551742358
1113062 533344014
602023 524528785
516771 522726743
163225 512774939
