128 350
86843 490681410
2915032 446087708
3187793 443629513
5167309 428301963
10467574 398225717
18101330 366682062
22440269 351889555
26133020 340469169
29330693 331268247
29838053 329859633
33443623 320208044
35159561 315817029
35318797 315415656
47708501 286851225
55489891 271066027
57452172 267295422
61219081 260268263
68633757 247169690
74623694 237216821
82534759 224822288
87099072 218019816
87232950 217823879
95080719 206673601
108260767 189290531
117930477 177474218
138246474 154841504
147693678 145203923
148766940 144141407
161318526 132175504
170948517 123536028
173643024 121197776
176671935 118609173
178560588 117016051
180249767 115604645
180593500 115318978
182269762 113933300
185067457 111647719
187049209 110048973
192118159 106034554
208790448 93555665
209541857 93018345
213795463 90015898
214758251 89345467
216639637 88045021
222894707 83811753
237177410 74648044
250083467 66939118
250214895 66863299
252927960 65309987
257140681 62942393
269954327 56064206
301345643 41157492
302434764 40687494
310831246 37166139
324214513 31919384
328304998 30403549
333753746 28447051
346139256 24261761
360350498 19897910
369034821 17456611
383857115 13676208
387553672 12808227
399680033 10167473
413695582 7504774
424016668 5807190
427407695 5297708
457469988 1812085
482403306 309739
491715066 68644
496977419 9136
497179370 7956
500072296 5
529091028 847005
539126046 1533198
539346863 1550579
542812796 1836307
544172865 1955064
556781018 3234546
571199376 5095313
583661265 7048894
586776904 7587805
587567616 7727806
587775065 7764753
589063084 7996171
591307677 8407782
594423507 8996740
606713404 11520471
627359638 16492479
640263902 20077050
643763554 21113750
643779148 21118431
646477272 21936815
648472166 22552604
657778614 25546726
658719286 25860581
659124378 25996379
675303629 31738708
691100538 37960408
704374126 43676412
730233457 56161566
736774131 59616064
737984379 60268905
739146630 60899910
740325947 61544256
741884865 62402340
744954955 64113466
745319563 64318566
745996844 64700617
756827569 71001631
774129068 81845419
774373821 82005973
780818357 86308025
781962626 87087082
786181419 89999761
790350642 92941644
790553989 93086766
791155984 93517290
793763488 95397710
798990762 99245057
821626619 117173253
821718230 117250237
827560505 122238017
827963718 122588024
829117217 123593494
839374240 132814590
845487011 138560206
849015721 141966445
875762061 170147194
882054441 177456354
894297579 192543630
901483533 201988301
905454281 207413558
910384050 214369240
910712101 214841150
917089329 224252848
926718457 239401922
938510742 259774421
938704488 260128426
939617325 261805525
946169958 274317993
950012726 282081331
957284213 297784402
960470268 305148436
960471909 305152315
965198589 316723507
977210765 350769020
979970577 359899163
981020197 363546457
982316510 368201729
983386337 372181186
985743095 381451928
986267576 383621977
988026742 391234664
990604616 403526634
990872941 404901341
992337629 412801037
992764001 415243649
994490807 425980801
995489002 432987702
996321106 439457788
996448840 440514298
997101437 446239784
997477567 449839560
998139151 456902600
998474563 460972967
998625888 462956471
998789141 465223683
999212456 471947842
999662989 481645254
999824730 513237784
999798456 514195169
999588713 520276019
999251348 527351246
998583676 537607411
997664094 548274729
997169693 553125284
996291523 560784235
996229547 561288138
993225382 582028785
990312988 597944748
989857316 600198848
985984012 617556536
985148978 620956472
979848086 640519797
976474051 651566744
973717000 659975633
970243428 669915032
964603542 684779729
964329295 685467802
962601905 689735281
961601471 692156398
957757414 701142113
953942277 709610135
953703737 710125958
950818956 716245851
941220942 735210713
937806993 741505769
929877725 755352973
925526442 762539990
920350303 770750111
914198073 780071340
913747217 780736959
906366700 791317875
900362712 799515773
898403290 802117225
898316588 802231525
874065076 831776006
854060030 853046023
850496237 856584334
844313540 862557837
840437334 866199974
838861646 867658516
826489926 878687638
826396780 878767926
824355803 880517164
819025645 884996931
818113346 885751083
810022167 892283386
792691957 905378117
786950176 909462570
784625856 911081648
772458172 919245207
763558772 924896191
753798852 930797100
752377065 931631575
749724732 933171511
745471151 935596044
738880272 939245051
722513465 947758593
702835822 957009441
685980829 964124046
685320240 964388208
676753323 967716006
671362705 969717812
669672037 970331159
668164156 970872399
666328909 971523799
662257074 972940420
648603072 977406668
645405081 978390386
644237314 978743769
642647727 979219809
588479307 992109146
584092725 992877686
579687785 993609012
574744105 994381753
568284846 995315232
562964438 996019636
533492346 998877001
523039156 999468915
514458358 999790912
511290862 999872500
499188136 999999340
492844335 999948793
490739667 999914238
487116831 999833996
484870712 999771052
475461291 999397488
471290171 999175065
465046991 998776790
464735211 998754844
463175946 998642145
459805963 998381820
451717104 997663301
450354930 997529262
437113005 996029460
433814934 995600178
430853730 995195712
430807446 995189247
402605886 990422661
401372649 990176137
394901946 988829621
394871776 988823134
390622110 987889820
390457899 987852977
363520487 981012830
350697629 977188434
349308562 976751602
345169324 975423455
329740665 970118877
313607000 963958672
295057161 956068451
294198239 955681506
278641933 948330911
273522285 945766581
261937293 939688694
258052479 937563021
252527059 934461901
248210149 931974387
246289495 930849138
231321228 921677267
226590326 918625310
220977374 914905259
217894990 912815653
210753421 907843617
208231292 906043127
197735054 898291228
192553074 894304942
187035991 889940417
181313961 885278093
177221818 881856315
176160417 880956591
169156303 874889915
164329562 870574361
144687481 851785466
142074778 849126819
140923388 847942505
138443140 845364499
137245000 844105812
125246938 830998704
113112565 816730346
103106785 804098300
98106550 797458661
96858294 795764712
93139840 790628302
89496975 785459746
82469243 775078293
79559660 770610274
70658871 756254161
65816748 747961496
65259075 746982445
65034487 746586705
55892599 729714206
53284380 724599989
52320565 722672683
49721449 717368873
48540310 714904976
44488760 706178346
44033346 705169225
33977677 681171727
33239898 679262398
28923947 667592818
27998150 664967431
26128227 659516592
25476933 657568586
22478943 648235086
20457406 641558826
19284127 637521815
17087922 629599094
8238081 590389245
5861553 576336070
4361063 565894193
2981280 554519653
2191044 546757282
544796 523334527
186909 513670206
90366 509505712
30277 505502387
12653 503557141
9641 503105035
