128129123481 350
73606 491420902
885312 470258972
2635647 448729143
2817083 446998604
5217365 427957343
5763571 424300906
7626234 413005317
8800294 406603802
11436463 393671873
12072236 390791493
14331191 381147956
14504061 380443762
16647823 372052065
18948962 363655218
20132752 359545647
20334777 358857256
22276237 352419489
27530419 336376969
29715224 330199440
31240558 326032803
33329944 320503316
39151916 306043707
49654558 282769746
69813523 245167514
72367909 240903887
74639703 237190909
76815542 233701455
80980194 227195302
88649324 215763088
92921093 209678171
102059681 197273220
104141343 194556185
113450416 182857414
116944995 178645267
122624757 171994014
148945934 143964829
167162438 126879165
168746493 125472144
172434249 122242566
179835288 115949798
191648335 106402170
219023445 86415455
221485884 84753220
224543395 82718729
235867169 75460428
254151438 64616852
261033256 60801986
274006156 53987911
281407524 50314187
290390935 46057228
290888833 45827653
292330859 45166483
293060704 44833955
296211017 43414793
299699311 41873779
307289716 38629490
328017793 30508657
333781639 28437218
341309975 25850786
343138553 25242707
361270538 19631249
366053463 18275674
370243042 17130315
378794234 14913242
399007251 10305743
400064369 10088916
410420012 8090022
413309256 7572629
415295005 7227168
421215765 6245967
433388301 4456983
435707949 4150696
436589535 4037185
456021878 1937830
461023450 1521486
462314123 1422248
473557667 699686
478598144 458249
494973526 25266
511813133 139569
517832075 318084
539213782 1540092
539667206 1575970
553932293 2917202
567266730 4545474
569638611 4873285
579692189 6391698
583839544 7079184
588005047 7805819
588359629 7869350
591086675 8366785
601221472 10352970
605450348 11246254
605662063 11291980
610962321 12468089
630962406 17455858
645185874 21543040
659073034 25979146
669003463 29428188
669806532 29717381
678431384 32921590
688452601 36874080
694585911 39417408
711941726 47141628
719836311 50920946
725681190 53829628
744265813 63726906
752008177 68152945
752742676 68582407
762737489 74595473
767048410 77288340
781525498 86788923
782642233 87551981
801246602 100937994
809553301 107346522
819484269 115383565
820265650 116033969
828023780 122640225
834373518 128254993
837325851 130931890
842323584 135562675
871661836 165534038
890901438 188237164
891157327 188558279
896075546 194837483
897479948 196669008
902846600 203833464
909155912 212612736
913254337 218538008
914241151 219992378
917580448 224997147
918616578 226576957
926376311 238842498
931166141 246828598
931842199 247983503
932166003 248539178
937609486 258136531
941689559 265670460
942817894 267809749
950021765 282099998
950295706 282666668
950664968 283433413
953604552 289660013
956304058 295582276
957672557 298664880
963730506 313040065
965048935 316344105
966251300 319418370
968008678 324023077
968836450 326240444
971834747 334555231
974692134 342941484
984948391 378241807
989164180 396470273
989736988 399214675
991697702 409262082
993843694 421779765
994294128 424678594
994940894 429052756
995082865 430050327
997972881 455022125
999196239 471660718
999264345 472887028
999615463 480394161
999969951 494518388
999970902 494605839
999698783 517352979
998997922 531639741
998938503 532563318
998584188 537600625
998048427 544133477
997927205 545480745
997604262 548887600
997451416 550419129
997296245 551927299
996147211 561951142
996100269 562325937
995718597 565292206
992488961 586340158
990729412 595836547
988062229 608605984
981724077 633947427
981544531 634591470
981475221 634839203
980751242 637398116
980707057 637552625
978807565 644025396
973795500 659742991
965303975 683008772
963063057 688607012
960149616 695607593
956363635 704284684
943715926 730469470
939974415 737534237
939017831 739297604
932608916 750698076
930628272 754085204
925482832 762610661
924430993 764307267
922582267 767253115
921098565 769584862
908591934 788188533
894066796 807752108
893360380 808654517
891355718 811192386
889776617 813167987
889504769 813506035
884116432 820085248
880412751 824478255
880335273 824569067
845749102 861189088
840695107 865960166
833200039 872797175
819716616 884423315
815891491 887572658
813365125 889618144
812330556 890447978
808806763 893240870
806168110 895298733
799557521 900331477
799441524 900418248
794859750 903804070
792467118 905540361
785699321 910336322
768290501 921924409
741294712 937923351
737090655 940213608
730375623 943764658
726153680 945931063
723624105 947204941
716735262 950583872
714527970 951638959
704387563 956317568
700591895 957998789
691275080 961967361
681105417 966048095
663387273 972551159
646597278 978026398
641847603 979457253
603073187 989260583
597937006 990314534
573955016 994500409
568793117 995244895
559030506 996503171
547337669 997754100
539719882 998419834
537972990 998555966
533535794 998874082
526999202 999270510
521542965 999535685
515501780 999759637
510986041 999879292
507408196 999945115
504234308 999982070
499725646 999999924
482315620 999687164
478458208 999535735
473447138 999294447
471849103 999206898
459650798 998369282
452566730 997744999
445646278 997036892
432361266 995403877
430246147 995110492
425397994 994403216
397510715 989383230
382645776 986032906
379026681 985144778
358744615 979632063
357480460 979257948
352183493 977650793
351132857 977324390
351090915 977311307
348956451 976640164
331439191 970730553
324349862 968131423
306259074 960938665
301874667 959071184
285539454 951670980
285162822 951491956
281803451 949878056
278525700 948273504
275260031 946645213
271624712 944797401
259027087 938100508
252559167 934480188
252090535 934212962
213716267 909928804
208963837 906568508
208501500 906237153
207697281 905658872
207290791 905365661
200831460 900622246
197105460 897812641
195958202 896936500
195586691 896651657
175259355 880188786
174040732 879144505
172834323 878103980
170110494 875729841
164941074 871127359
163573734 869888318
154116525 861060413
153865416 860819691
151475928 858512163
149918467 856991485
137670972 844554314
134931010 841649868
133583085 840203828
124638430 830308480
113343122 817011764
111284434 814484036
108351812 810824222
100231988 800309068
95801152 794318350
92212613 789325849
90241887 786527990
89576582 785574190
86007200 780374681
84963501 778827374
78258234 768577517
65956846 748206649
54596742 727191412
45410089 708201857
45066288 707449555
43604326 704213096
40514618 697162837
39694454 695240377
37452053 689866788
31176021 673793203
26192837 659708397
26175640 659657371
24133758 653464394
21071989 643624372
20662571 642251991
19226383 637319807
14117336 617974731
13514083 615461911
10522163 602036501
9941387 599209659
8394200 591234522
7358556 585465828
6420597 579870982
4969834 570321654
1498122 538676580
1186417 534423969
1063459 532593380
762154 527596616
654103 525567088
5350 502313154
