12831 300
49128 492991004
901834 469982981
4309383 434495700
4620550 432182591
5548428 425719157
6216086 421403266
7727344 412434983
9577645 402604341
21571352 354720856
25037060 343762341
30839589 327117064
31723948 324735801
41852105 299748891
43932660 295054686
45399342 291821608
45894945 290742743
51513941 278956440
55332887 271371133
57742631 266743874
63258419 256572820
65741042 252171112
72078875 241381533
74280711 237772832
84141536 222400039
90685040 212839306
96133584 205225648
105568947 192714880
107828581 189836206
119013643 176195435
120626777 174306957
122282985 172387641
142041882 150906909
145545893 147349625
157439281 135785565
159591178 133773520
174045937 120851020
183099066 113252280
190688395 107156098
208326741 93888303
221291499 84883664
225408299 82149071
255260499 63992457
256315501 63401941
258863942 61989267
274548369 53713587
285799414 48205678
294773039 44059329
300626781 41469390
301081975 41271736
315029936 35472201
317351801 34554368
321721220 32863321
331487107 29252291
345276225 24541743
350432069 22894734
354905281 21515389
362106411 19390638
407920777 8551714
411198940 7948811
411429697 7907222
436999317 3984965
444095811 3135107
452694632 2242828
463853044 1308314
473953366 678888
485364680 214238
505354201 28668
506523462 42557
518216878 331964
532306656 1044811
535087503 1232652
542784267 1833856
552240283 2736535
563433991 4040194
563510865 4050032
566051450 4381995
569379963 4836975
570812158 5039760
587263504 7673806
589056764 7995027
597299320 9558523
619126786 14398508
625295335 15953433
626414275 16244451
630636201 17367445
633180619 18063362
661436627 26778893
667506701 28893318
677791057 32677477
682263048 34403413
692702804 38626367
695687984 39884565
709849038 46168113
720509149 51250944
725195853 53584467
725589476 53783250
731306185 56719672
731684029 56917038
743741141 63433560
768650190 78304523
772310091 80658595
773503803 81436182
780822922 86311123
786858314 90473068
805661030 104309041
822702276 118079536
829460347 123893792
830433998 124748920
837139337 130761503
852670603 145566021
854686859 147583724
872585559 166563348
879773803 174774143
896976352 196010237
913533641 218948532
914209140 219945026
920257544 229105931
923731207 234572300
938656809 260041246
944184559 270435027
946222244 274421391
946511047 274993589
947361118 276688492
949738749 281516460
950088807 282238513
951059478 284256292
956328252 295636289
961442163 307461356
964129729 314033351
965113835 316508528
967912792 323768280
972570876 336669761
978371081 354531417
981522541 365329876
986539637 384764672
993422957 419168166
997549153 450554677
997878938 453993884
997977142 455069320
998428243 460385785
998626077 462959011
998752271 464698837
999515715 477998856
999991560 502905104
999232694 527689647
998804531 534554878
998700358 536027107
998643712 536802826
996242724 561181355
995247588 568773727
993850640 578176372
991222957 593273823
987557413 610850208
987349115 611762423
982652525 630562396
981641522 634243972
979063837 643170664
977466545 648410572
973497657 660623686
967914583 676226962
963189744 688295673
961334154 692797297
961117012 693316064
958680854 699027317
956176373 704702506
940966422 735687536
933990987 748297850
931995837 751753046
920051776 771213025
917647695 774900714
911727491 783690804
911131008 784554553
907474414 789766459
897598080 803176130
895557306 805833969
888493751 814758010
876903777 828547626
868517199 837927616
862816704 844040751
857895941 849156834
841027891 865650074
826437908 878732480
820800905 883518942
820384763 883866647
816030905 887458987
814653822 888578141
812229987 890528404
809607358 892610855
807415569 894329389
807275807 894438307
806070977 895373945
801493690 898875362
800172737 899870388
799845295 900115981
796864418 902332595
796061580 902923740
788552434 908335025
780683083 913783768
754157489 930585613
744832017 935955597
738437990 939485295
707001995 955137532
686497510 963916672
672439303 969323647
671542304 969652251
670778949 969930367
662666418 972799784
649577186 977102363
644074438 978792811
639419977 980168793
630666369 982624387
624585428 984229770
605748940 988689227
584988486 992724017
577072476 994024122
570589867 994991990
568312358 995311439
558957923 996511795
558905504 996518017
555363699 996925407
551890372 997300099
529367070 999136830
529183544 999147594
525640486 999342132
513267801 999823934
511156371 999875519
489711994 999894145
486964130 999830037
476409593 999443182
468107748 998981847
465318008 998795709
461625509 998525223
453374518 997821317
445617753 997033772
434366402 995673512
434001667 995625080
430438653 995137575
423530011 994117739
418284426 993277371
407861851 991437240
364561739 981307051
363755214 981079368
349403588 976781628
344781561 975296997
344615502 975242735
343756387 974960981
341116933 974084561
331207315 970647457
322037415 967257229
313406909 963878236
297293597 957066859
283412318 950654830
275346876 946688900
267626124 942721562
266507442 942132588
259356737 938281667
258660506 937898674
256920610 936935247
256726379 936827134
254132421 935372408
252333028 934351322
244800081 929968605
230911119 921415678
225836410 918131948
223167756 916369918
216889399 912126665
209713256 907103926
207045643 905188529
182093405 885921491
173371783 878568366
159005785 865681480
158933704 865614253
142214382 849269883
139671469 846645856
139530150 846498899
125499031 831283903
104375944 805747618
102667122 803523614
99038358 798713511
95934612 794501549
91751335 788674606
84233482 777737651
79664243 770772694
72307514 758996404
62557993 742166246
53986381 725990823
49808095 717548267
36559475 687677595
31341258 674238297
30782688 672728442
25097242 656420492
21111837 643757182
18745531 635624983
11997805 608875426
4258038 565114575
2105983 545842651
1029978 532076752
516273 522715787
105987 510294495
9383 503063166
