1231198212341 300
364162 480920422
628161 474944715
870281 470512298
2442462 450639119
3220861 443338834
4167735 435576672
4563839 432598140
8743883 406900978
10480691 398162648
11225189 394647331
11526077 393260939
11553424 393135867
13377265 385116084
14762605 379398709
17501447 368869732
20515223 358245461
31326971 325800136
31526093 325265345
32687886 322181585
32745683 322029768
47169660 287998388
50759769 280493245
57346810 267495905
60808509 261021267
61196288 260309985
66595657 250679571
81776483 225976114
89535995 214484149
101553589 197939645
104259932 194402554
114555539 181515199
115392165 180505377
120432200 174533741
121217394 173620255
130786241 162833571
150021348 142907653
162252254 131317941
164263427 129485554
193308109 105107503
197196038 102118408
199101110 100675748
241676840 71900542
270264339 55903697
295001697 43956475
320823400 33206955
322809019 32449621
340023913 26283152
351580061 22536365
365916348 18313821
371648483 16754836
375373248 15780862
381677470 14201915
383266924 13817535
393044148 11573500
393150889 11550138
395122994 11122905
398920722 10323597
411962992 7811534
412314828 7748732
417154103 6911207
425082902 5644431
428900914 5080895
473576846 698671
476299845 562013
498479200 2312
511403231 130050
513747724 189035
522164089 491488
522736870 517232
531345647 983516
537219785 1387236
541757294 1746722
555798372 3123212
559854378 3595474
560580577 3683575
573139864 5378366
578944675 6271594
579647344 6384460
579733332 6398343
589618470 8097032
605592936 11277039
617440649 13987969
623288977 15438519
625501768 16006915
635693787 18764926
643530474 21043840
685847682 35822621
713831894 48031062
713965382 48094240
715907390 49018848
727507368 54758046
744439147 63823999
745573899 64461873
754675140 69720355
764662089 75790171
774804869 82289234
786813142 90441430
816327621 112783218
816712723 113098138
817296444 113576700
821871467 117379093
822128736 117595662
826609325 121415335
827761654 122412529
830405084 124723461
830731892 125011446
838995389 132464796
842492888 135721780
843587651 136754179
847563250 140556281
853202425 146095992
880503274 175627901
892916429 190780531
893798590 191904770
901531219 202052555
902013494 202703598
905691392 207742418
909636731 213298503
921238330 230633578
925607426 237591313
932956108 249902003
940384945 263227747
943029632 268214010
945427273 272855675
945556737 273109732
948876877 279751166
950897657 283918296
950932006 283989987
952090232 286424669
953734520 289940520
953737202 289946313
956327544 295634709
969812967 328898347
970188943 329934257
975159324 344360620
978882387 356223580
981593585 365584159
983222967 371564943
985530963 380586085
986943679 386484128
990279169 401886107
992169981 411859716
992867270 415846248
994353278 425067789
994411797 425454885
996319554 439445065
996443092 440466349
996539475 441275653
996698748 442638397
997109547 446314826
999993965 502456504
999916145 509156834
999344434 525595617
999308751 526282516
999303634 526379542
998851941 533863549
998612455 537223910
997565474 549280817
997162740 553190314
996219384 561370373
996094146 562374653
995963281 563406809
995262699 568664830
995004763 570500243
994353228 574932542
991915447 589549943
990450192 597255380
989443741 602199919
988361420 607252611
986948286 613496105
972300359 664110848
968690963 674151602
967127027 678304066
964042480 686184253
959040695 698195962
958253609 700009072
953389715 710802670
928775021 757200274
926406615 761108020
922900022 766750016
922780443 766939499
918044173 774297410
911226133 784417065
911072820 784638606
909620176 786725149
907896877 789171466
896429558 804702486
878023960 827258132
874469722 831319221
872859771 833129990
872646274 833368796
848834146 858210466
844390011 862485199
843986096 862868523
843246171 863568515
837738643 868690397
810459087 891937692
800907393 899317843
796210547 902814239
788625537 908283356
781719546 913078802
736545564 940506748
722273505 947877760
716360321 950764030
709127818 954164678
689875290 962544456
684158980 964849943
660543852 973524731
658547857 974196770
645677651 978307455
645222592 978445815
641059130 979689818
635863744 981187118
615123328 986566150
568739876 995252288
538176854 998540397
535833947 998714275
533100566 998903149
532953348 998912895
517341232 999699191
511387775 999870301
499826943 999999970
497578438 999994136
493758669 999961044
488388866 999865163
484229971 999751244
482179408 999682325
471208542 999170363
470377159 999121715
461664947 998528257
459501276 998357154
452478866 997736618
428414412 994848970
405303300 990950644
386836350 987025654
375893625 984352772
342741796 974626018
340540249 973890903
327337551 969241599
318617946 965940501
296680663 956794535
283226182 950565324
265534626 941617468
258589431 937859494
258202949 937646188
254179476 935398978
252867216 934655481
234492749 923681365
232758580 922589663
193287190 894876249
189703594 892066500
180177345 884335101
176430336 881185876
174820779 879813736
158956653 865635659
136341002 843150307
132323358 838841979
130138582 836455839
130018261 836323524
126871102 832828522
118098717 822724976
117057034 821488234
113177281 816809381
96522974 795307111
90366484 786706090
86249302 780731830
83587382 776768011
83240960 776246091
83042350 775946224
74378631 762386071
73686015 761259232
60474220 738363356
58652150 734972500
50044379 718036556
43372674 703694588
33121744 678954448
29500818 669205555
27741818 664232182
27590509 663796439
27537587 663643726
26480226 660558475
24534743 654702262
22087737 646968939
19050123 636701193
18383688 634334390
16228797 626354357
15148450 622143257
9454795 596775009
6544645 580633819
4954882 570216318
4523653 567105809
4113178 564002031
2970651 554422669
1986232 544522881
1697402 541164562
1360843 536864506
1261489 535495043
868605 529459308
785778 528020722
278 500527959
