8141 79
2997 1721
1062 1408
2797 1835
1902 3586
1370 1205
3841 3654
711 2666
3131 3767
38 2244
3331 700
1804 3170
2342 3632
2731 2428
1550 3358
3848 1123
2616 3252
3082 2362
3279 661
1741 910
125 600
3317 2124
1667 1023
1319 2706
156 1499
2948 3652
238 2960
1573 155
1733 681
3221 828
3518 2688
1134 1646
459 2356
574 3083
974 297
3495 385
3283 3308
648 3504
1863 2479
2995 933
2637 3020
2154 2049
1928 2726
176 1541
2998 3596
3411 27
3768 426
1392 3086
2774 3248
3381 2376
2670 2440
1359 933
2153 2363
1609 3212
1623 2526
3362 1444
2433 3738
126 697
2569 3310
1557 1975
1771 151
1144 3150
2700 3539
847 932
2750 2093
1452 1341
2629 995
1472 101
1047 1496
3743 3369
33 1893
1058 1166
3145 1846
3748 545
3108 1006
2088 2475
1857 3014
329 3383
3197 779
2875 2062
