1897 84
1351 810
554 1362
618 423
965 1497
948 140
1885 819
993 1539
694 2280
1195 175
2191 950
1687 670
575 2093
1688 198
1808 1779
1379 1808
194 465
829 1229
952 1130
1310 461
1148 756
2087 2151
225 582
2086 769
401 1381
1469 76
2176 331
916 89
1878 305
0 2076
2057 1346
2248 1208
585 1032
2202 1802
407 1996
1123 1583
654 484
2002 1356
1769 2079
287 413
1338 1137
822 1382
742 560
571 1680
39 978
1155 2156
1386 1470
391 474
1432 351
1964 474
918 166
521 2123
2009 1766
1434 1392
1941 2147
1186 1572
2180 2079
58 1113
1752 443
629 1771
920 2264
675 2378
815 1794
1809 1355
277 692
370 1581
2295 2380
705 1256
127 311
692 1412
793 182
1283 1123
1663 1383
1505 1325
793 632
1676 125
1251 2030
1868 707
1363 1058
2104 710
1218 10
1959 2222
161 648
862 1215
2300 2314
